$NOD
260
1 0 0 30
2 0 0 0
3 0 10 30
4 0 10 0
5 10 0 30
6 10 0 0
7 10 10 30
8 10 10 0
9 0 0 3.000000000000003
10 0 0 6.000000000000009
11 0 0 9.000000000000016
12 0 0 12.00000000000002
13 0 0 15.00000000000002
14 0 0 18.00000000000001
15 0 0 20.99999999999999
16 0 0 23.99999999999998
17 0 0 26.99999999999998
18 0 2.499999999999995 30
19 0 4.999999999999986 30
20 0 7.499999999999985 30
21 0 10 3.000000000000003
22 0 10 6.000000000000009
23 0 10 9.000000000000016
24 0 10 12.00000000000002
25 0 10 15.00000000000002
26 0 10 18.00000000000001
27 0 10 20.99999999999999
28 0 10 23.99999999999998
29 0 10 26.99999999999998
30 0 2.499999999999995 0
31 0 4.999999999999986 0
32 0 7.499999999999985 0
33 10 0 3.000000000000003
34 10 0 6.000000000000009
35 10 0 9.000000000000016
36 10 0 12.00000000000002
37 10 0 15.00000000000002
38 10 0 18.00000000000001
39 10 0 20.99999999999999
40 10 0 23.99999999999998
41 10 0 26.99999999999998
42 10 2.499999999999995 30
43 10 4.999999999999986 30
44 10 7.499999999999985 30
45 10 10 3.000000000000003
46 10 10 6.000000000000009
47 10 10 9.000000000000016
48 10 10 12.00000000000002
49 10 10 15.00000000000002
50 10 10 18.00000000000001
51 10 10 20.99999999999999
52 10 10 23.99999999999998
53 10 10 26.99999999999998
54 10 2.499999999999995 0
55 10 4.999999999999986 0
56 10 7.499999999999985 0
57 2.499999999999995 0 0
58 4.999999999999986 0 0
59 7.499999999999985 0 0
60 2.499999999999995 0 30
61 4.999999999999986 0 30
62 7.499999999999985 0 30
63 2.499999999999995 10 0
64 4.999999999999986 10 0
65 7.499999999999985 10 0
66 2.499999999999995 10 30
67 4.999999999999986 10 30
68 7.499999999999985 10 30
69 0 2.56521264780719 16.50020153828622
70 0 7.534769548210531 22.44218917825752
71 0 2.581467494924914 10.49931773626922
72 0 2.581418709455659 4.347962400319711
73 0 7.445182066773564 7.514291374191814
74 0 2.581418709455654 25.65203759968029
75 0 7.401923788646691 13.50000000000002
76 0 6.172890151797709 2.103580651784374
77 0 6.172890151797711 27.89641934821563
78 0 2.527215546791628 7.474347244277542
79 0 7.411064417029589 10.48416796722771
80 0 2.546850682800257 22.49844334825652
81 0 2.568207213903969 19.47276923843036
82 0 5.054769455491817 17.94128720948522
83 0 2.571809646029543 13.49904872419299
84 0 7.413861659496187 4.341220759821867
85 0 4.994612997086171 6.092621503938016
86 0 3.829292756620077 2.037144698192931
87 0 3.829292756620073 27.96285530180707
88 0 7.426659871130043 25.65256217624233
89 0 5.000000000000002 8.999455173352935
90 0 5.031875002514017 23.86735770178743
91 0 7.509067913827243 16.49024995316554
92 0 5.055723720512241 20.95370986428751
93 0 5.009480575225169 11.98481892055777
94 0 7.525721773006972 19.47123936753263
95 0 4.999843818672095 15.00000000000002
96 0 4.998868039207969 3.811347736769337
97 0 1.782142293215146 1.877021419702529
98 0 5.006019498788203 26.1820468549149
99 0 8.217350362258776 1.888960282321249
100 0 1.782142293215144 28.12297858029747
101 0 8.219910004585548 28.10979630489159
102 10 7.435582340095218 16.49870775654178
103 10 7.432267369938556 22.4887971683725
104 10 2.51642974345443 10.51866791061135
105 10 2.581418709455659 4.347962400319711
106 10 7.432267369938542 7.511202831627502
107 10 2.598076211353304 19.5
108 10 2.581418709455657 25.65203759968028
109 10 6.172890151797709 2.103580651784374
110 10 6.172890151797711 27.89641934821563
111 10 2.539718861491341 7.484045055554107
112 10 7.456148999091579 10.52780795151955
113 10 7.433233698666425 13.53036079332029
114 10 4.946471834938016 15.05777221714329
115 10 2.52998366619636 22.52544824065948
116 10 7.440742372988464 19.49893749361516
117 10 7.41201670280547 4.340779539455536
118 10 4.994236940615167 6.09374031643685
119 10 3.829292756620077 2.037144698192931
120 10 3.829292756620073 27.96285530180707
121 10 7.412016702805475 25.65922046054446
122 10 4.973210885698816 9.049164626799843
123 10 4.992614408066 23.90784189959875
124 10 2.491472491135169 16.5091764952048
125 10 4.954930414777226 12.0301767089133
126 10 2.484884080717473 13.51929888864546
127 10 4.999999999999994 20.99999999999998
128 10 5.000199573705602 18.00000000000001
129 10 4.998550751613437 3.811444535645409
130 10 1.782142293215146 1.877021419702529
131 10 4.998318961249264 26.18878149521683
132 10 8.216981370920633 1.888872038247983
133 10 1.782142293215145 28.12297858029747
134 10 8.216981370920633 28.11112796175202
135 2.56441765990478 0 16.49870775654178
136 2.567732630061443 0 22.4887971683725
137 7.483570256545569 0 10.51866791061135
138 7.41858129054433 0 4.347962400319711
139 2.567732630061456 0 7.511202831627502
140 7.401923788646696 0 19.5
141 7.418581290544329 0 25.65203759968028
142 3.82710984820227 0 2.103580651784374
143 3.827109848202265 0 27.89641934821563
144 7.460281138508657 0 7.484045055554107
145 2.543851000908418 0 10.52780795151955
146 2.566766301333572 0 13.53036079332029
147 5.053528165061981 0 15.05777221714329
148 7.470016333803636 0 22.52544824065948
149 2.559257627011535 0 19.49893749361516
150 2.587983297194519 0 4.340779539455535
151 5.005763059384824 0 6.09374031643685
152 6.170707243379903 0 2.037144698192932
153 6.170707243379902 0 27.96285530180707
154 2.587983297194512 0 25.65922046054446
155 5.026789114301179 0 9.049164626799843
156 5.007385591933984 0 23.90784189959874
157 7.508527508864828 0 16.50917649520479
158 5.04506958522277 0 12.03017670891329
159 7.515115919282525 0 13.51929888864546
160 5.000000000000006 0 20.99999999999997
161 4.999800426294398 0 18.00000000000001
162 5.001449248386545 0 3.811444535645408
163 8.217857706784844 0 1.877021419702529
164 5.001681038750707 0 26.18878149521682
165 1.783018629079357 0 1.888872038247982
166 8.217857706784844 0 28.12297858029747
167 1.783018629079354 0 28.11112796175202
168 7.434787352192807 10 16.50020153828623
169 2.465230451789467 10 22.44218917825753
170 7.418532505075087 10 10.49931773626922
171 7.41858129054433 10 4.347962400319711
172 2.554817933226436 10 7.514291374191814
173 7.418581290544333 10 25.65203759968029
174 2.598076211353309 10 13.50000000000002
175 3.82710984820227 10 2.103580651784374
176 3.827109848202265 10 27.89641934821563
177 7.472784453208369 10 7.474347244277542
178 2.58893558297041 10 10.48416796722771
179 7.453149317199738 10 22.49844334825652
180 7.431792786096027 10 19.47276923843036
181 4.945230544508181 10 17.94128720948523
182 7.428190353970456 10 13.499048724193
183 2.586138340503802 10 4.341220759821865
184 5.005387002913819 10 6.092621503938016
185 6.170707243379903 10 2.037144698192932
186 6.170707243379903 10 27.96285530180707
187 2.573340128869944 10 25.65256217624233
188 4.999999999999998 10 8.999455173352935
189 4.968124997485966 10 23.86735770178743
190 2.490932086172756 10 16.49024995316555
191 4.944276279487753 10 20.9537098642875
192 4.990519424774832 10 11.98481892055777
193 2.474278226993026 10 19.47123936753263
194 5.000156181327905 10 15.00000000000002
195 5.001131960792014 10 3.811347736769336
196 8.217857706784844 10 1.877021419702529
197 4.993980501211766 10 26.1820468549149
198 1.782649637741214 10 1.888960282321248
199 8.217857706784844 10 28.12297858029747
200 1.780089995414441 10 28.10979630489159
201 7.742952256725926 6.170917378885144 0
202 2.109240761037941 6.153312163512952 0
203 6.408098265832021 1.976765591958324 0
204 2.113539518104639 3.75472074119981 0
205 4.047588464545844 4.969317362224805 0
206 3.942368574160458 7.695402864874429 0
207 8.053554659006192 3.590233026287181 0
208 3.930291391630748 2.235284352683911 0
209 6.312063374000428 8.184954931035767 0
210 5.680660667009796 6.226311529282507 0
211 8.169872981077798 1.830127018922195 0
212 1.830127018922196 8.169872981077798 0
213 1.830127018922188 1.830127018922188 0
214 8.18492067274151 8.18492067274151 0
215 6.000404450401406 4.063588167957445 0
216 7.742952256725926 6.170917378885144 30
217 2.109240761037941 6.153312163512952 30
218 6.408098265832021 1.976765591958324 30
219 2.113539518104639 3.75472074119981 30
220 4.047588464545844 4.969317362224805 30
221 3.942368574160458 7.695402864874429 30
222 8.053554659006192 3.590233026287181 30
223 3.930291391630748 2.235284352683911 30
224 6.312063374000428 8.184954931035767 30
225 5.680660667009796 6.226311529282507 30
226 8.169872981077798 1.830127018922195 30
227 1.830127018922196 8.169872981077798 30
228 1.830127018922188 1.830127018922188 30
229 8.18492067274151 8.18492067274151 30
230 6.000404450401406 4.063588167957445 30
231 5.183265804696974 5.183189859898393 4.77858519912173
232 5.183726177193932 5.182591749304675 25.2220606643422
233 4.99275883223604 5.007241167763961 10.49212910494747
234 5.006644103532177 4.993355896467826 19.49999955136559
235 4.528481465606009 5.471518534393991 14.99751706165458
236 3.120082400197364 3.112378294418996 3.134204912645333
237 3.119960558492666 3.112232611357201 26.86595586791868
238 6.978453294732651 3.040876082523842 3.0541934211632
239 6.978832811982246 3.040489040882107 26.9461237794325
240 3.032193004823712 6.967806995176284 3.064613528697906
241 3.037616687389574 6.910316224671765 26.96683203209755
242 3.498276885662789 3.5141166964087 7.533660558299557
243 3.5051677738775 3.513058073496763 22.46232124857292
244 6.732481457126394 6.968332349082446 2.800489722676589
245 6.732481457126394 6.968332349082446 27.19970337099128
246 6.628270610947341 3.371729389052659 13.1297434704584
247 6.628204990985048 3.371795009014952 16.85355873041414
248 6.886227981216377 4.278072755882955 7.670151217761739
249 4.296595059714279 6.882246934901623 7.664000554119144
250 6.565703144804051 6.573688987171329 22.26638712116133
251 3.247343444774115 3.237253704769243 12.79519870774598
252 6.762746295230756 6.752656555225886 12.79519870774599
253 3.243341835544856 3.242724003229764 17.19932313180291
254 6.757275996770238 6.756658164455145 17.19932313180291
255 3.074599186689063 6.925400813310936 17.60834302082054
256 6.793757644198442 3.246707213963679 21.76453407822317
257 3.081424859696966 6.918575140303035 12.39874306780407
258 3.243025612116925 6.795645935545052 21.73825272067316
259 7.091160547246399 7.075214893853746 9.22533044654784
260 7.265820035640786 7.261925005720992 5.884361836826113
$ENDNOD
$ELM
1232
1 2 40 1 3 17 1 100
2 2 40 1 3 1 18 100
3 2 40 1 3 2 9 97
4 2 40 1 3 30 2 97
5 2 40 1 3 20 3 101
6 2 40 1 3 3 29 101
7 2 40 1 3 21 4 99
8 2 40 1 3 4 32 99
9 2 40 1 3 9 10 72
10 2 40 1 3 9 72 97
11 2 40 1 3 10 11 78
12 2 40 1 3 72 10 78
13 2 40 1 3 11 12 71
14 2 40 1 3 11 71 78
15 2 40 1 3 12 13 83
16 2 40 1 3 71 12 83
17 2 40 1 3 13 14 69
18 2 40 1 3 13 69 83
19 2 40 1 3 14 15 81
20 2 40 1 3 69 14 81
21 2 40 1 3 15 16 80
22 2 40 1 3 15 80 81
23 2 40 1 3 16 17 74
24 2 40 1 3 16 74 80
25 2 40 1 3 74 17 100
26 2 40 1 3 18 19 87
27 2 40 1 3 18 87 100
28 2 40 1 3 19 20 77
29 2 40 1 3 19 77 87
30 2 40 1 3 77 20 101
31 2 40 1 3 22 21 84
32 2 40 1 3 84 21 99
33 2 40 1 3 23 22 73
34 2 40 1 3 73 22 84
35 2 40 1 3 24 23 79
36 2 40 1 3 23 73 79
37 2 40 1 3 25 24 75
38 2 40 1 3 75 24 79
39 2 40 1 3 26 25 91
40 2 40 1 3 25 75 91
41 2 40 1 3 27 26 94
42 2 40 1 3 26 91 94
43 2 40 1 3 28 27 70
44 2 40 1 3 70 27 94
45 2 40 1 3 29 28 88
46 2 40 1 3 28 70 88
47 2 40 1 3 29 88 101
48 2 40 1 3 31 30 86
49 2 40 1 3 86 30 97
50 2 40 1 3 32 31 76
51 2 40 1 3 76 31 86
52 2 40 1 3 32 76 99
53 2 40 1 3 69 81 82
54 2 40 1 3 69 82 95
55 2 40 1 3 83 69 95
56 2 40 1 3 88 70 90
57 2 40 1 3 90 70 92
58 2 40 1 3 92 70 94
59 2 40 1 3 78 71 89
60 2 40 1 3 71 83 93
61 2 40 1 3 89 71 93
62 2 40 1 3 72 78 85
63 2 40 1 3 72 85 96
64 2 40 1 3 86 72 96
65 2 40 1 3 72 86 97
66 2 40 1 3 79 73 89
67 2 40 1 3 73 84 85
68 2 40 1 3 73 85 89
69 2 40 1 3 80 74 90
70 2 40 1 3 74 87 98
71 2 40 1 3 87 74 100
72 2 40 1 3 90 74 98
73 2 40 1 3 75 79 93
74 2 40 1 3 91 75 95
75 2 40 1 3 75 93 95
76 2 40 1 3 84 76 96
77 2 40 1 3 76 84 99
78 2 40 1 3 76 86 96
79 2 40 1 3 87 77 98
80 2 40 1 3 77 88 98
81 2 40 1 3 88 77 101
82 2 40 1 3 85 78 89
83 2 40 1 3 79 89 93
84 2 40 1 3 81 80 92
85 2 40 1 3 80 90 92
86 2 40 1 3 82 81 92
87 2 40 1 3 91 82 94
88 2 40 1 3 82 91 95
89 2 40 1 3 82 92 94
90 2 40 1 3 93 83 95
91 2 40 1 3 85 84 96
92 2 40 1 3 88 90 98
93 2 40 2 3 41 133 5
94 2 40 2 3 5 133 42
95 2 40 2 3 6 130 33
96 2 40 2 3 54 130 6
97 2 40 2 3 44 134 7
98 2 40 2 3 7 134 53
99 2 40 2 3 45 132 8
100 2 40 2 3 8 132 56
101 2 40 2 3 33 105 34
102 2 40 2 3 33 130 105
103 2 40 2 3 34 111 35
104 2 40 2 3 105 111 34
105 2 40 2 3 35 104 36
106 2 40 2 3 35 111 104
107 2 40 2 3 36 126 37
108 2 40 2 3 104 126 36
109 2 40 2 3 37 124 38
110 2 40 2 3 37 126 124
111 2 40 2 3 38 107 39
112 2 40 2 3 38 124 107
113 2 40 2 3 39 115 40
114 2 40 2 3 107 115 39
115 2 40 2 3 40 108 41
116 2 40 2 3 40 115 108
117 2 40 2 3 108 133 41
118 2 40 2 3 42 120 43
119 2 40 2 3 42 133 120
120 2 40 2 3 43 110 44
121 2 40 2 3 43 120 110
122 2 40 2 3 110 134 44
123 2 40 2 3 46 117 45
124 2 40 2 3 117 132 45
125 2 40 2 3 47 106 46
126 2 40 2 3 106 117 46
127 2 40 2 3 48 112 47
128 2 40 2 3 47 112 106
129 2 40 2 3 49 113 48
130 2 40 2 3 48 113 112
131 2 40 2 3 50 102 49
132 2 40 2 3 102 113 49
133 2 40 2 3 51 116 50
134 2 40 2 3 50 116 102
135 2 40 2 3 52 103 51
136 2 40 2 3 103 116 51
137 2 40 2 3 53 121 52
138 2 40 2 3 52 121 103
139 2 40 2 3 53 134 121
140 2 40 2 3 55 119 54
141 2 40 2 3 119 130 54
142 2 40 2 3 56 109 55
143 2 40 2 3 109 119 55
144 2 40 2 3 56 132 109
145 2 40 2 3 102 114 113
146 2 40 2 3 102 128 114
147 2 40 2 3 116 128 102
148 2 40 2 3 103 127 116
149 2 40 2 3 121 123 103
150 2 40 2 3 123 127 103
151 2 40 2 3 111 122 104
152 2 40 2 3 122 125 104
153 2 40 2 3 125 126 104
154 2 40 2 3 105 118 111
155 2 40 2 3 105 129 118
156 2 40 2 3 119 129 105
157 2 40 2 3 105 130 119
158 2 40 2 3 112 122 106
159 2 40 2 3 106 118 117
160 2 40 2 3 106 122 118
161 2 40 2 3 107 127 115
162 2 40 2 3 124 128 107
163 2 40 2 3 107 128 127
164 2 40 2 3 115 123 108
165 2 40 2 3 108 131 120
166 2 40 2 3 120 133 108
167 2 40 2 3 123 131 108
168 2 40 2 3 117 129 109
169 2 40 2 3 109 132 117
170 2 40 2 3 109 129 119
171 2 40 2 3 120 131 110
172 2 40 2 3 110 131 121
173 2 40 2 3 121 134 110
174 2 40 2 3 118 122 111
175 2 40 2 3 113 125 112
176 2 40 2 3 112 125 122
177 2 40 2 3 114 125 113
178 2 40 2 3 124 126 114
179 2 40 2 3 114 128 124
180 2 40 2 3 114 126 125
181 2 40 2 3 115 127 123
182 2 40 2 3 127 128 116
183 2 40 2 3 118 129 117
184 2 40 2 3 121 131 123
185 2 40 3 3 1 17 167
186 2 40 3 3 60 1 167
187 2 40 3 3 9 2 165
188 2 40 3 3 2 57 165
189 2 40 3 3 41 5 166
190 2 40 3 3 5 62 166
191 2 40 3 3 6 33 163
192 2 40 3 3 59 6 163
193 2 40 3 3 10 9 150
194 2 40 3 3 150 9 165
195 2 40 3 3 11 10 139
196 2 40 3 3 139 10 150
197 2 40 3 3 12 11 145
198 2 40 3 3 11 139 145
199 2 40 3 3 13 12 146
200 2 40 3 3 12 145 146
201 2 40 3 3 14 13 135
202 2 40 3 3 135 13 146
203 2 40 3 3 15 14 149
204 2 40 3 3 14 135 149
205 2 40 3 3 16 15 136
206 2 40 3 3 136 15 149
207 2 40 3 3 17 16 154
208 2 40 3 3 16 136 154
209 2 40 3 3 17 154 167
210 2 40 3 3 33 34 138
211 2 40 3 3 33 138 163
212 2 40 3 3 34 35 144
213 2 40 3 3 138 34 144
214 2 40 3 3 35 36 137
215 2 40 3 3 35 137 144
216 2 40 3 3 36 37 159
217 2 40 3 3 137 36 159
218 2 40 3 3 37 38 157
219 2 40 3 3 37 157 159
220 2 40 3 3 38 39 140
221 2 40 3 3 38 140 157
222 2 40 3 3 39 40 148
223 2 40 3 3 140 39 148
224 2 40 3 3 40 41 141
225 2 40 3 3 40 141 148
226 2 40 3 3 141 41 166
227 2 40 3 3 57 58 142
228 2 40 3 3 57 142 165
229 2 40 3 3 58 59 152
230 2 40 3 3 142 58 152
231 2 40 3 3 152 59 163
232 2 40 3 3 61 60 143
233 2 40 3 3 143 60 167
234 2 40 3 3 62 61 153
235 2 40 3 3 61 143 153
236 2 40 3 3 62 153 166
237 2 40 3 3 135 146 147
238 2 40 3 3 135 147 161
239 2 40 3 3 149 135 161
240 2 40 3 3 136 149 160
241 2 40 3 3 154 136 156
242 2 40 3 3 156 136 160
243 2 40 3 3 144 137 155
244 2 40 3 3 155 137 158
245 2 40 3 3 158 137 159
246 2 40 3 3 138 144 151
247 2 40 3 3 138 151 162
248 2 40 3 3 152 138 162
249 2 40 3 3 138 152 163
250 2 40 3 3 145 139 155
251 2 40 3 3 139 150 151
252 2 40 3 3 139 151 155
253 2 40 3 3 140 148 160
254 2 40 3 3 157 140 161
255 2 40 3 3 140 160 161
256 2 40 3 3 148 141 156
257 2 40 3 3 141 153 164
258 2 40 3 3 153 141 166
259 2 40 3 3 156 141 164
260 2 40 3 3 150 142 162
261 2 40 3 3 142 150 165
262 2 40 3 3 142 152 162
263 2 40 3 3 153 143 164
264 2 40 3 3 143 154 164
265 2 40 3 3 154 143 167
266 2 40 3 3 151 144 155
267 2 40 3 3 146 145 158
268 2 40 3 3 145 155 158
269 2 40 3 3 147 146 158
270 2 40 3 3 157 147 159
271 2 40 3 3 147 157 161
272 2 40 3 3 147 158 159
273 2 40 3 3 148 156 160
274 2 40 3 3 160 149 161
275 2 40 3 3 151 150 162
276 2 40 3 3 154 156 164
277 2 40 4 3 3 200 29
278 2 40 4 3 66 200 3
279 2 40 4 3 21 198 4
280 2 40 4 3 4 198 63
281 2 40 4 3 53 199 7
282 2 40 4 3 7 199 68
283 2 40 4 3 8 196 45
284 2 40 4 3 65 196 8
285 2 40 4 3 22 183 21
286 2 40 4 3 183 198 21
287 2 40 4 3 23 172 22
288 2 40 4 3 172 183 22
289 2 40 4 3 24 178 23
290 2 40 4 3 23 178 172
291 2 40 4 3 25 174 24
292 2 40 4 3 174 178 24
293 2 40 4 3 26 190 25
294 2 40 4 3 25 190 174
295 2 40 4 3 27 193 26
296 2 40 4 3 26 193 190
297 2 40 4 3 28 169 27
298 2 40 4 3 169 193 27
299 2 40 4 3 29 187 28
300 2 40 4 3 28 187 169
301 2 40 4 3 29 200 187
302 2 40 4 3 45 171 46
303 2 40 4 3 45 196 171
304 2 40 4 3 46 177 47
305 2 40 4 3 171 177 46
306 2 40 4 3 47 170 48
307 2 40 4 3 47 177 170
308 2 40 4 3 48 182 49
309 2 40 4 3 170 182 48
310 2 40 4 3 49 168 50
311 2 40 4 3 49 182 168
312 2 40 4 3 50 180 51
313 2 40 4 3 168 180 50
314 2 40 4 3 51 179 52
315 2 40 4 3 51 180 179
316 2 40 4 3 52 173 53
317 2 40 4 3 52 179 173
318 2 40 4 3 173 199 53
319 2 40 4 3 63 175 64
320 2 40 4 3 63 198 175
321 2 40 4 3 64 185 65
322 2 40 4 3 175 185 64
323 2 40 4 3 185 196 65
324 2 40 4 3 67 176 66
325 2 40 4 3 176 200 66
326 2 40 4 3 68 186 67
327 2 40 4 3 67 186 176
328 2 40 4 3 68 199 186
329 2 40 4 3 168 181 180
330 2 40 4 3 168 194 181
331 2 40 4 3 182 194 168
332 2 40 4 3 187 189 169
333 2 40 4 3 189 191 169
334 2 40 4 3 191 193 169
335 2 40 4 3 177 188 170
336 2 40 4 3 170 192 182
337 2 40 4 3 188 192 170
338 2 40 4 3 171 184 177
339 2 40 4 3 171 195 184
340 2 40 4 3 185 195 171
341 2 40 4 3 171 196 185
342 2 40 4 3 178 188 172
343 2 40 4 3 172 184 183
344 2 40 4 3 172 188 184
345 2 40 4 3 179 189 173
346 2 40 4 3 173 197 186
347 2 40 4 3 186 199 173
348 2 40 4 3 189 197 173
349 2 40 4 3 174 192 178
350 2 40 4 3 190 194 174
351 2 40 4 3 174 194 192
352 2 40 4 3 183 195 175
353 2 40 4 3 175 198 183
354 2 40 4 3 175 195 185
355 2 40 4 3 186 197 176
356 2 40 4 3 176 197 187
357 2 40 4 3 187 200 176
358 2 40 4 3 184 188 177
359 2 40 4 3 178 192 188
360 2 40 4 3 180 191 179
361 2 40 4 3 179 191 189
362 2 40 4 3 181 191 180
363 2 40 4 3 190 193 181
364 2 40 4 3 181 194 190
365 2 40 4 3 181 193 191
366 2 40 4 3 192 194 182
367 2 40 4 3 184 195 183
368 2 40 4 3 187 197 189
369 2 37 5 3 2 30 213
370 2 37 5 3 57 2 213
371 2 37 5 3 32 4 212
372 2 37 5 3 4 63 212
373 2 37 5 3 54 6 211
374 2 37 5 3 6 59 211
375 2 37 5 3 8 56 214
376 2 37 5 3 65 8 214
377 2 37 5 3 30 31 204
378 2 37 5 3 30 204 213
379 2 37 5 3 31 32 202
380 2 37 5 3 31 202 204
381 2 37 5 3 202 32 212
382 2 37 5 3 55 54 207
383 2 37 5 3 207 54 211
384 2 37 5 3 56 55 201
385 2 37 5 3 201 55 207
386 2 37 5 3 56 201 214
387 2 37 5 3 58 57 208
388 2 37 5 3 208 57 213
389 2 37 5 3 59 58 203
390 2 37 5 3 203 58 208
391 2 37 5 3 59 203 211
392 2 37 5 3 63 64 206
393 2 37 5 3 63 206 212
394 2 37 5 3 64 65 209
395 2 37 5 3 206 64 209
396 2 37 5 3 209 65 214
397 2 37 5 3 201 207 215
398 2 37 5 3 209 201 210
399 2 37 5 3 201 209 214
400 2 37 5 3 210 201 215
401 2 37 5 3 204 202 205
402 2 37 5 3 205 202 206
403 2 37 5 3 206 202 212
404 2 37 5 3 203 207 211
405 2 37 5 3 207 203 215
406 2 37 5 3 203 208 215
407 2 37 5 3 204 205 208
408 2 37 5 3 204 208 213
409 2 37 5 3 205 206 210
410 2 37 5 3 208 205 215
411 2 37 5 3 205 210 215
412 2 37 5 3 206 209 210
413 2 38 6 3 1 228 18
414 2 38 6 3 60 228 1
415 2 38 6 3 20 227 3
416 2 38 6 3 3 227 66
417 2 38 6 3 42 226 5
418 2 38 6 3 5 226 62
419 2 38 6 3 7 229 44
420 2 38 6 3 68 229 7
421 2 38 6 3 18 219 19
422 2 38 6 3 18 228 219
423 2 38 6 3 19 217 20
424 2 38 6 3 19 219 217
425 2 38 6 3 217 227 20
426 2 38 6 3 43 222 42
427 2 38 6 3 222 226 42
428 2 38 6 3 44 216 43
429 2 38 6 3 216 222 43
430 2 38 6 3 44 229 216
431 2 38 6 3 61 223 60
432 2 38 6 3 223 228 60
433 2 38 6 3 62 218 61
434 2 38 6 3 218 223 61
435 2 38 6 3 62 226 218
436 2 38 6 3 66 221 67
437 2 38 6 3 66 227 221
438 2 38 6 3 67 224 68
439 2 38 6 3 221 224 67
440 2 38 6 3 224 229 68
441 2 38 6 3 216 230 222
442 2 38 6 3 224 225 216
443 2 38 6 3 216 229 224
444 2 38 6 3 225 230 216
445 2 38 6 3 219 220 217
446 2 38 6 3 220 221 217
447 2 38 6 3 221 227 217
448 2 38 6 3 218 226 222
449 2 38 6 3 222 230 218
450 2 38 6 3 218 230 223
451 2 38 6 3 219 223 220
452 2 38 6 3 219 228 223
453 2 38 6 3 220 225 221
454 2 38 6 3 223 230 220
455 2 38 6 3 220 230 225
456 2 38 6 3 221 225 224
457 4 39 1 4 96 231 236 240
458 4 39 1 4 98 237 232 241
459 4 39 1 4 162 236 231 238
460 4 39 1 4 164 232 237 239
461 4 39 1 4 85 231 96 240
462 4 39 1 4 162 231 151 238
463 4 39 1 4 233 246 137 248
464 4 39 1 4 90 98 232 241
465 4 39 1 4 156 232 164 239
466 4 39 1 4 104 137 246 248
467 4 39 1 4 151 231 162 236
468 4 39 1 4 85 96 231 236
469 4 39 1 4 156 164 232 237
470 4 39 1 4 90 232 98 237
471 4 39 1 4 231 240 85 249
472 4 39 1 4 151 238 231 248
473 4 39 1 4 137 155 233 248
474 4 39 1 4 156 232 239 256
475 4 39 1 4 90 241 232 258
476 4 39 1 4 131 123 232 245
477 4 39 1 4 89 233 249 257
478 4 39 1 4 84 85 240 249
479 4 39 1 4 205 215 210 244
480 4 39 1 4 232 241 189 258
481 4 39 1 4 220 225 230 245
482 4 39 1 4 89 249 79 257
483 4 39 1 4 151 138 238 248
484 4 39 1 4 158 137 155 233
485 4 39 1 4 123 239 232 256
486 4 39 1 4 155 233 145 251
487 4 39 1 4 145 233 155 242
488 4 39 1 4 137 233 158 246
489 4 39 1 4 149 234 160 253
490 4 39 1 4 116 127 234 254
491 4 39 1 4 160 234 149 243
492 4 39 1 4 71 233 89 251
493 4 39 1 4 232 245 123 250
494 4 39 1 4 89 233 71 242
495 4 39 1 4 81 92 234 253
496 4 39 1 4 191 180 234 254
497 4 39 1 4 81 234 92 243
498 4 39 1 4 195 231 184 240
499 4 39 1 4 233 242 145 251
500 4 39 1 4 116 234 127 250
501 4 39 1 4 91 190 255 257
502 4 39 1 4 189 232 197 241
503 4 39 1 4 191 234 180 250
504 4 39 1 4 234 250 116 254
505 4 39 1 4 180 250 234 254
506 4 39 1 4 149 243 234 253
507 4 39 1 4 91 75 190 257
508 4 39 1 4 118 231 129 238
509 4 39 1 4 234 243 81 253
510 4 39 1 4 71 242 233 251
511 4 39 1 4 190 75 174 257
512 4 39 1 4 189 197 232 245
513 4 39 1 4 131 232 123 239
514 4 39 1 4 105 238 138 248
515 4 39 1 4 183 84 240 249
516 4 39 1 4 156 239 141 256
517 4 39 1 4 89 233 93 251
518 4 39 1 4 161 247 234 256
519 4 39 1 4 160 234 161 253
520 4 39 1 4 128 234 127 254
521 4 39 1 4 231 236 151 242
522 4 39 1 4 108 239 123 256
523 4 39 1 4 85 236 231 242
524 4 39 1 4 234 247 128 256
525 4 39 1 4 161 140 247 256
526 4 39 1 4 155 158 233 251
527 4 39 1 4 149 81 243 253
528 4 39 1 4 191 234 181 254
529 4 39 1 4 82 234 92 253
530 4 39 1 4 71 145 242 251
531 4 39 1 4 76 86 202 240
532 4 39 1 4 108 141 239 256
533 4 39 1 4 131 121 123 245
534 4 39 1 4 205 210 240 244
535 4 39 1 4 189 241 187 258
536 4 39 1 4 85 242 231 249
537 4 39 1 4 156 237 232 243
538 4 39 1 4 90 88 241 258
539 4 39 1 4 231 242 151 248
540 4 39 1 4 90 232 237 243
541 4 39 1 4 107 128 247 256
542 4 39 1 4 160 161 234 256
543 4 39 1 4 121 123 245 250
544 4 39 1 4 225 220 241 245
545 4 39 1 4 189 245 232 250
546 4 39 1 4 127 234 128 256
547 4 39 1 4 204 202 86 236
548 4 39 1 4 87 217 219 237
549 4 39 1 4 187 241 88 258
550 4 39 1 4 149 160 161 253
551 4 39 1 4 116 128 127 254
552 4 39 1 4 71 89 93 251
553 4 39 1 4 205 231 215 244
554 4 39 1 4 122 233 125 259
555 4 39 1 4 156 243 232 256
556 4 39 1 4 195 231 240 244
557 4 39 1 4 220 230 232 245
558 4 39 1 4 215 231 205 236
559 4 39 1 4 191 181 234 255
560 4 39 1 4 92 234 82 255
561 4 39 1 4 93 233 89 257
562 4 39 1 4 77 217 87 241
563 4 39 1 4 215 231 236 238
564 4 39 1 4 220 232 230 237
565 4 39 1 4 232 243 90 258
566 4 39 1 4 147 247 251 253
567 4 39 1 4 114 252 247 254
568 4 39 1 4 197 241 232 245
569 4 39 1 4 246 247 114 252
570 4 39 1 4 147 247 246 251
571 4 39 1 4 230 237 232 239
572 4 39 1 4 178 79 249 257
573 4 39 1 4 129 238 231 244
574 4 39 1 4 188 257 233 259
575 4 39 1 4 235 251 247 253
576 4 39 1 4 235 247 252 254
577 4 39 1 4 160 140 161 256
578 4 39 1 4 246 247 235 251
579 4 39 1 4 235 247 246 252
580 4 39 1 4 191 181 180 254
581 4 39 1 4 81 82 92 253
582 4 39 1 4 232 239 131 245
583 4 39 1 4 86 236 202 240
584 4 39 1 4 189 173 245 250
585 4 39 1 4 155 145 158 251
586 4 39 1 4 188 249 233 257
587 4 39 1 4 188 192 257 259
588 4 39 1 4 151 144 138 248
589 4 39 1 4 205 240 231 244
590 4 39 1 4 138 144 111 248
591 4 39 1 4 111 105 138 248
592 4 39 1 4 231 238 215 244
593 4 39 1 4 184 240 231 249
594 4 39 1 4 155 242 233 248
595 4 39 1 4 89 233 242 249
596 4 39 1 4 119 109 201 238
597 4 39 1 4 84 73 85 249
598 4 39 1 4 120 216 110 239
599 4 39 1 4 127 128 107 256
600 4 39 1 4 230 239 232 245
601 4 39 1 4 232 241 220 245
602 4 39 1 4 180 116 250 254
603 4 39 1 4 173 121 245 250
604 4 39 1 4 231 238 118 248
605 4 39 1 4 217 237 87 241
606 4 39 1 4 118 129 231 260
607 4 39 1 4 183 172 73 249
608 4 39 1 4 183 73 84 249
609 4 39 1 4 184 231 195 260
610 4 39 1 4 91 95 235 255
611 4 39 1 4 190 235 194 255
612 4 39 1 4 122 248 233 259
613 4 39 1 4 233 249 188 259
614 4 39 1 4 191 255 234 258
615 4 39 1 4 146 251 83 253
616 4 39 1 4 113 182 252 254
617 4 39 1 4 146 83 69 253
618 4 39 1 4 113 168 182 254
619 4 39 1 4 234 255 92 258
620 4 39 1 4 201 238 109 244
621 4 39 1 4 69 135 146 253
622 4 39 1 4 102 168 113 254
623 4 39 1 4 216 110 239 245
624 4 39 1 4 82 234 253 255
625 4 39 1 4 234 181 254 255
626 4 39 1 4 208 142 152 236
627 4 39 1 4 189 173 197 245
628 4 39 1 4 231 244 195 260
629 4 39 1 4 153 143 223 237
630 4 39 1 4 205 236 231 240
631 4 39 1 4 119 129 109 238
632 4 39 1 4 142 162 152 236
633 4 39 1 4 131 120 110 239
634 4 39 1 4 153 164 143 237
635 4 39 1 4 129 109 238 244
636 4 39 1 4 129 244 231 260
637 4 39 1 4 110 131 239 245
638 4 39 1 4 77 87 98 241
639 4 39 1 4 233 252 125 259
640 4 39 1 4 232 237 220 241
641 4 39 1 4 108 148 141 256
642 4 39 1 4 108 115 148 256
643 4 39 1 4 188 178 249 257
644 4 39 1 4 233 93 251 257
645 4 39 1 4 233 257 252 259
646 4 39 1 4 207 119 201 238
647 4 39 1 4 120 222 216 239
648 4 39 1 4 192 252 257 259
649 4 39 1 4 137 104 111 248
650 4 39 1 4 178 79 172 249
651 4 39 1 4 203 208 152 238
652 4 39 1 4 223 218 153 239
653 4 39 1 4 158 246 233 251
654 4 39 1 4 233 246 125 252
655 4 39 1 4 208 236 152 238
656 4 39 1 4 232 250 123 256
657 4 39 1 4 223 153 237 239
658 4 39 1 4 204 205 202 236
659 4 39 1 4 161 234 247 253
660 4 39 1 4 128 247 234 254
661 4 39 1 4 219 217 220 237
662 4 39 1 4 183 240 184 249
663 4 39 1 4 107 247 140 256
664 4 39 1 4 118 238 105 248
665 4 39 1 4 152 236 162 238
666 4 39 1 4 111 144 137 248
667 4 39 1 4 189 250 232 258
668 4 39 1 4 164 237 153 239
669 4 39 1 4 137 144 155 248
670 4 39 1 4 234 243 160 256
671 4 39 1 4 157 124 159 247
672 4 39 1 4 126 159 124 247
673 4 39 1 4 126 246 159 247
674 4 39 1 4 89 73 79 249
675 4 39 1 4 150 236 72 242
676 4 39 1 4 172 79 73 249
677 4 39 1 4 92 243 234 258
678 4 39 1 4 127 250 234 256
679 4 39 1 4 87 237 98 241
680 4 39 1 4 154 74 237 243
681 4 39 1 4 234 250 191 258
682 4 39 1 4 155 151 242 248
683 4 39 1 4 89 242 85 249
684 4 39 1 4 70 169 187 258
685 4 39 1 4 187 88 70 258
686 4 39 1 4 85 72 236 242
687 4 39 1 4 202 236 205 240
688 4 39 1 4 187 189 197 241
689 4 39 1 4 151 236 150 242
690 4 39 1 4 156 141 148 256
691 4 39 1 4 138 162 151 238
692 4 39 1 4 156 164 141 239
693 4 39 1 4 90 237 74 243
694 4 39 1 4 154 237 156 243
695 4 39 1 4 95 83 251 253
696 4 39 1 4 194 252 182 254
697 4 39 1 4 85 96 84 240
698 4 39 1 4 195 184 183 240
699 4 39 1 4 95 69 83 253
700 4 39 1 4 194 182 168 254
701 4 39 1 4 147 251 146 253
702 4 39 1 4 114 113 252 254
703 4 39 1 4 108 123 115 256
704 4 39 1 4 217 220 237 241
705 4 39 1 4 105 118 129 238
706 4 39 1 4 131 123 108 239
707 4 39 1 4 114 102 113 254
708 4 39 1 4 135 147 146 253
709 4 39 1 4 155 144 151 248
710 4 39 1 4 206 175 240 244
711 4 39 1 4 90 88 98 241
712 4 39 1 4 73 89 85 249
713 4 39 1 4 121 173 179 250
714 4 39 1 4 176 221 241 245
715 4 39 1 4 179 103 121 250
716 4 39 1 4 150 72 78 242
717 4 39 1 4 195 240 175 244
718 4 39 1 4 79 93 89 257
719 4 39 1 4 178 188 192 257
720 4 39 1 4 95 251 235 253
721 4 39 1 4 194 235 252 254
722 4 39 1 4 206 185 175 244
723 4 39 1 4 197 176 241 245
724 4 39 1 4 149 81 80 243
725 4 39 1 4 136 80 74 243
726 4 39 1 4 74 90 98 237
727 4 39 1 4 176 186 221 245
728 4 39 1 4 154 136 74 243
729 4 39 1 4 71 145 139 242
730 4 39 1 4 78 139 150 242
731 4 39 1 4 85 72 96 236
732 4 39 1 4 231 248 118 260
733 4 39 1 4 184 249 231 260
734 4 39 1 4 94 92 255 258
735 4 39 1 4 151 162 150 236
736 4 39 1 4 90 70 88 258
737 4 39 1 4 191 193 255 258
738 4 39 1 4 156 154 164 237
739 4 39 1 4 209 185 206 244
740 4 39 1 4 224 221 186 245
741 4 39 1 4 215 236 208 238
742 4 39 1 4 169 189 187 258
743 4 39 1 4 78 71 139 242
744 4 39 1 4 223 237 230 239
745 4 39 1 4 215 238 201 244
746 4 39 1 4 136 149 80 243
747 4 39 1 4 195 175 185 244
748 4 39 1 4 216 239 230 245
749 4 39 1 4 197 186 176 245
750 4 39 1 4 95 253 235 255
751 4 39 1 4 235 254 194 255
752 4 39 1 4 95 235 251 257
753 4 39 1 4 194 252 235 257
754 4 39 1 4 191 193 181 255
755 4 39 1 4 94 92 82 255
756 4 39 1 4 206 240 210 244
757 4 39 1 4 207 201 215 238
758 4 39 1 4 230 216 222 239
759 4 39 1 4 203 215 208 238
760 4 39 1 4 223 230 218 239
761 4 39 1 4 140 124 157 247
762 4 39 1 4 225 241 221 245
763 4 39 1 4 107 124 140 247
764 4 39 1 4 180 116 179 250
765 4 39 1 4 104 159 126 246
766 4 39 1 4 159 104 137 246
767 4 39 1 4 126 114 246 247
768 4 39 1 4 159 246 147 247
769 4 39 1 4 126 124 114 247
770 4 39 1 4 157 159 147 247
771 4 39 1 4 116 103 179 250
772 4 39 1 4 91 75 25 190
773 4 39 1 4 168 49 102 113
774 4 39 1 4 69 13 146 135
775 4 39 1 4 168 49 113 182
776 4 39 1 4 83 13 146 69
777 4 39 1 4 124 140 157 38
778 4 39 1 4 75 174 25 190
779 4 39 1 4 95 82 253 255
780 4 39 1 4 181 194 254 255
781 4 39 1 4 95 251 93 257
782 4 39 1 4 194 192 252 257
783 4 39 1 4 124 107 140 38
784 4 39 1 4 104 126 159 36
785 4 39 1 4 124 159 37 157
786 4 39 1 4 74 136 16 80
787 4 39 1 4 159 124 37 126
788 4 39 1 4 138 111 34 105
789 4 39 1 4 111 138 34 144
790 4 39 1 4 40 115 148 108
791 4 39 1 4 148 141 40 108
792 4 39 1 4 136 74 16 154
793 4 39 1 4 210 215 201 244
794 4 39 1 4 121 173 52 179
795 4 39 1 4 51 179 180 116
796 4 39 1 4 81 80 15 149
797 4 39 1 4 121 103 123 250
798 4 39 1 4 22 84 183 73
799 4 39 1 4 172 22 183 73
800 4 39 1 4 216 230 225 245
801 4 39 1 4 145 139 11 71
802 4 39 1 4 137 104 159 36
803 4 39 1 4 111 104 137 35
804 4 39 1 4 179 52 121 103
805 4 39 1 4 111 118 105 248
806 4 39 1 4 173 189 179 250
807 4 39 1 4 78 150 10 72
808 4 39 1 4 205 210 206 240
809 4 39 1 4 172 178 23 79
810 4 39 1 4 150 10 139 78
811 4 39 1 4 183 184 172 249
812 4 39 1 4 209 206 210 244
813 4 39 1 4 224 225 221 245
814 4 39 1 4 111 137 144 35
815 4 39 1 4 71 139 11 78
816 4 39 1 4 116 180 50 254
817 4 39 1 4 81 149 14 253
818 4 39 1 4 187 70 28 169
819 4 39 1 4 70 187 28 88
820 4 39 1 4 85 78 72 242
821 4 39 1 4 215 205 208 236
822 4 39 1 4 223 220 230 237
823 4 39 1 4 145 71 12 251
824 4 39 1 4 112 48 170 252
825 4 39 1 4 149 80 15 136
826 4 39 1 4 51 179 116 103
827 4 39 1 4 135 14 149 253
828 4 39 1 4 116 50 102 254
829 4 39 1 4 83 12 71 251
830 4 39 1 4 170 48 182 252
831 4 39 1 4 221 225 220 241
832 4 39 1 4 139 151 150 242
833 4 39 1 4 154 156 136 243
834 4 39 1 4 81 14 69 253
835 4 39 1 4 180 168 50 254
836 4 39 1 4 171 196 132 244
837 4 39 1 4 79 23 172 73
838 4 39 1 4 113 48 112 252
839 4 39 1 4 146 145 12 251
840 4 39 1 4 90 74 80 243
841 4 39 1 4 173 134 199 245
842 4 39 1 4 193 94 255 258
843 4 39 1 4 14 135 69 253
844 4 39 1 4 168 102 50 254
845 4 39 1 4 113 182 48 252
846 4 39 1 4 146 12 83 251
847 4 39 1 4 107 140 39 256
848 4 39 1 4 145 155 139 242
849 4 39 1 4 125 252 112 259
850 4 39 1 4 94 193 27 258
851 4 39 1 4 114 125 246 252
852 4 39 1 4 147 246 158 251
853 4 39 1 4 170 252 192 259
854 4 39 1 4 81 92 80 243
855 4 39 1 4 78 89 71 242
856 4 39 1 4 136 160 149 243
857 4 39 1 4 161 247 147 253
858 4 39 1 4 114 247 128 254
859 4 39 1 4 97 72 165 236
860 4 39 1 4 233 246 235 251
861 4 39 1 4 235 246 233 252
862 4 39 1 4 74 100 167 237
863 4 39 1 4 235 247 234 253
864 4 39 1 4 234 247 235 254
865 4 39 1 4 148 39 140 256
866 4 39 1 4 156 160 243 256
867 4 39 1 4 107 39 115 256
868 4 39 1 4 166 133 141 239
869 4 39 1 4 130 163 138 238
870 4 39 1 4 84 99 198 240
871 4 39 1 4 187 200 101 241
872 4 39 1 4 213 204 86 236
873 4 39 1 4 117 244 129 260
874 4 39 1 4 219 228 87 237
875 4 39 1 4 87 217 19 219
876 4 39 1 4 31 86 204 202
877 4 39 1 4 122 125 112 259
878 4 39 1 4 235 253 234 255
879 4 39 1 4 234 254 235 255
880 4 39 1 4 127 123 250 256
881 4 39 1 4 233 251 235 257
882 4 39 1 4 235 252 233 257
883 4 39 1 4 243 250 232 256
884 4 39 1 4 70 94 27 258
885 4 39 1 4 27 193 169 258
886 4 39 1 4 213 165 142 236
887 4 39 1 4 232 250 243 258
888 4 39 1 4 170 192 188 259
889 4 39 1 4 202 212 76 240
890 4 39 1 4 167 228 143 237
891 4 39 1 4 90 243 92 258
892 4 39 1 4 217 77 227 241
893 4 39 1 4 86 31 76 202
894 4 39 1 4 213 86 97 236
895 4 39 1 4 191 250 189 258
896 4 39 1 4 77 217 19 87
897 4 39 1 4 100 87 228 237
898 4 39 1 4 148 115 39 256
899 4 39 1 4 176 227 200 241
900 4 39 1 4 214 109 132 244
901 4 39 1 4 55 109 201 119
902 4 39 1 4 120 43 110 216
903 4 39 1 4 198 212 175 240
904 4 39 1 4 99 76 212 240
905 4 39 1 4 134 110 229 245
906 4 39 1 4 111 104 122 248
907 4 39 1 4 170 112 252 259
908 4 39 1 4 206 64 185 209
909 4 39 1 4 221 224 186 67
910 4 39 1 4 165 213 97 236
911 4 39 1 4 43 120 222 216
912 4 39 1 4 119 201 55 207
913 4 39 1 4 227 77 101 241
914 4 39 1 4 208 213 142 236
915 4 39 1 4 228 167 100 237
916 4 39 1 4 195 244 171 260
917 4 39 1 4 143 228 223 237
918 4 39 1 4 93 75 95 257
919 4 39 1 4 192 194 174 257
920 4 39 1 4 179 191 180 250
921 4 39 1 4 117 171 132 244
922 4 39 1 4 91 82 95 255
923 4 39 1 4 190 194 181 255
924 4 39 1 4 175 212 206 240
925 4 39 1 4 221 227 176 241
926 4 39 1 4 116 127 103 250
927 4 39 1 4 172 188 178 249
928 4 39 1 4 27 169 70 258
929 4 39 1 4 206 64 175 185
930 4 39 1 4 173 121 134 245
931 4 39 1 4 178 24 79 257
932 4 39 1 4 186 176 221 67
933 4 39 1 4 214 201 109 244
934 4 39 1 4 216 229 110 245
935 4 39 1 4 211 203 163 238
936 4 39 1 4 234 250 243 256
937 4 39 1 4 226 166 218 239
938 4 39 1 4 208 203 152 58
939 4 39 1 4 61 223 218 153
940 4 39 1 4 94 26 193 255
941 4 39 1 4 152 163 203 238
942 4 39 1 4 166 41 141 133
943 4 39 1 4 243 250 234 258
944 4 39 1 4 166 153 218 239
945 4 39 1 4 161 140 157 247
946 4 39 1 4 107 128 124 247
947 4 39 1 4 163 130 138 33
948 4 39 1 4 227 101 200 241
949 4 39 1 4 152 142 208 58
950 4 39 1 4 223 61 143 153
951 4 39 1 4 132 45 196 171
952 4 39 1 4 9 165 97 72
953 4 39 1 4 177 188 249 259
954 4 39 1 4 99 212 198 240
955 4 39 1 4 214 132 196 244
956 4 39 1 4 109 129 117 244
957 4 39 1 4 134 229 199 245
958 4 39 1 4 121 131 110 245
959 4 39 1 4 53 199 173 134
960 4 39 1 4 100 17 74 167
961 4 39 1 4 177 259 249 260
962 4 39 1 4 188 184 177 249
963 4 39 1 4 184 177 249 260
964 4 39 1 4 104 126 125 246
965 4 39 1 4 159 137 158 246
966 4 39 1 4 198 84 21 99
967 4 39 1 4 114 113 125 252
968 4 39 1 4 147 158 146 251
969 4 39 1 4 79 24 75 257
970 4 39 1 4 178 174 24 257
971 4 39 1 4 150 165 72 236
972 4 39 1 4 26 94 91 255
973 4 39 1 4 190 193 26 255
974 4 39 1 4 130 207 211 238
975 4 39 1 4 211 163 130 238
976 4 39 1 4 133 226 222 239
977 4 39 1 4 106 248 122 259
978 4 39 1 4 226 133 166 239
979 4 39 1 4 141 133 108 239
980 4 39 1 4 106 118 248 260
981 4 39 1 4 196 209 214 244
982 4 39 1 4 95 83 93 251
983 4 39 1 4 182 194 192 252
984 4 39 1 4 101 29 200 187
985 4 39 1 4 74 167 154 237
986 4 39 1 4 106 248 259 260
987 4 39 1 4 224 199 229 245
988 4 39 1 4 105 130 138 238
989 4 39 1 4 106 118 122 248
990 4 39 1 4 207 130 119 238
991 4 39 1 4 222 120 133 239
992 4 39 1 4 69 95 82 253
993 4 39 1 4 168 181 194 254
994 4 39 1 4 183 84 198 240
995 4 39 1 4 26 91 190 255
996 4 39 1 4 202 205 206 240
997 4 39 1 4 174 75 24 257
998 4 39 1 4 161 147 135 253
999 4 39 1 4 114 128 102 254
1000 4 39 1 4 196 185 209 244
1001 4 39 1 4 224 186 199 245
1002 4 39 1 4 88 187 101 241
1003 4 39 1 4 125 126 114 246
1004 4 39 1 4 158 147 159 246
1005 4 39 1 4 151 139 155 242
1006 4 39 1 4 205 204 208 236
1007 4 39 1 4 223 219 220 237
1008 4 39 1 4 124 128 114 247
1009 4 39 1 4 157 147 161 247
1010 4 39 1 4 242 248 231 249
1011 4 39 1 4 85 89 78 242
1012 4 39 1 4 221 220 217 241
1013 4 39 1 4 156 160 136 243
1014 4 39 1 4 80 92 90 243
1015 4 39 1 4 233 248 242 249
1016 4 39 1 4 156 148 160 256
1017 4 39 1 4 123 103 127 250
1018 4 39 1 4 191 179 189 250
1019 4 39 1 4 127 115 123 256
1020 4 39 1 4 184 195 171 260
1021 4 39 1 4 231 249 248 260
1022 4 39 1 4 133 41 141 108
1023 4 39 1 4 130 105 138 33
1024 4 39 1 4 118 117 129 260
1025 4 39 1 4 135 149 161 253
1026 4 39 1 4 102 128 116 254
1027 4 39 1 4 70 90 92 258
1028 4 39 1 4 117 132 109 244
1029 4 39 1 4 81 69 82 253
1030 4 39 1 4 181 168 180 254
1031 4 39 1 4 110 134 121 245
1032 4 39 1 4 132 45 171 117
1033 4 39 1 4 165 9 150 72
1034 4 39 1 4 112 125 113 252
1035 4 39 1 4 146 158 145 251
1036 4 39 1 4 71 93 83 251
1037 4 39 1 4 170 182 192 252
1038 4 39 1 4 173 121 53 134
1039 4 39 1 4 17 74 167 154
1040 4 39 1 4 84 21 183 198
1041 4 39 1 4 208 204 213 236
1042 4 39 1 4 219 223 228 237
1043 4 39 1 4 187 197 176 241
1044 4 39 1 4 169 191 189 258
1045 4 39 1 4 112 170 47 259
1046 4 39 1 4 72 86 96 236
1047 4 39 1 4 101 29 187 88
1048 4 39 1 4 96 76 84 240
1049 4 39 1 4 175 195 183 240
1050 4 39 1 4 150 162 142 236
1051 4 39 1 4 164 153 141 239
1052 4 39 1 4 249 259 248 260
1053 4 39 1 4 87 74 98 237
1054 4 39 1 4 152 162 138 238
1055 4 39 1 4 171 195 185 244
1056 4 39 1 4 143 164 154 237
1057 4 39 1 4 206 212 202 240
1058 4 39 1 4 106 47 177 259
1059 4 39 1 4 248 249 233 259
1060 4 39 1 4 117 171 244 260
1061 4 39 1 4 170 177 47 259
1062 4 39 1 4 186 197 173 245
1063 4 39 1 4 160 148 140 256
1064 4 39 1 4 131 108 120 239
1065 4 39 1 4 129 119 105 238
1066 4 39 1 4 88 77 98 241
1067 4 39 1 4 202 32 76 212
1068 4 39 1 4 112 47 106 259
1069 4 39 1 4 221 217 227 241
1070 4 39 1 4 217 20 227 77
1071 4 39 1 4 70 92 94 258
1072 4 39 1 4 115 127 107 256
1073 4 39 1 4 203 211 207 238
1074 4 39 1 4 218 222 226 239
1075 4 39 1 4 72 97 86 236
1076 4 39 1 4 193 191 169 258
1077 4 39 1 4 150 142 165 236
1078 4 39 1 4 99 76 32 212
1079 4 39 1 4 100 74 87 237
1080 4 39 1 4 167 143 154 237
1081 4 39 1 4 101 227 20 77
1082 4 39 1 4 204 30 213 86
1083 4 39 1 4 18 87 219 228
1084 4 39 1 4 196 171 185 244
1085 4 39 1 4 200 187 176 241
1086 4 39 1 4 173 199 186 245
1087 4 39 1 4 207 215 203 238
1088 4 39 1 4 132 214 56 109
1089 4 39 1 4 110 44 134 229
1090 4 39 1 4 218 230 222 239
1091 4 39 1 4 183 198 175 240
1092 4 39 1 4 76 99 84 240
1093 4 39 1 4 181 193 190 255
1094 4 39 1 4 91 94 82 255
1095 4 39 1 4 166 141 153 239
1096 4 39 1 4 165 213 142 57
1097 4 39 1 4 228 167 143 60
1098 4 39 1 4 152 138 163 238
1099 4 39 1 4 88 101 77 241
1100 4 39 1 4 56 214 201 109
1101 4 39 1 4 44 110 216 229
1102 4 39 1 4 87 18 100 228
1103 4 39 1 4 97 213 30 86
1104 4 39 1 4 133 120 108 239
1105 4 39 1 4 119 130 105 238
1106 4 39 1 4 75 93 79 257
1107 4 39 1 4 174 178 192 257
1108 4 39 1 4 106 259 177 260
1109 4 39 1 4 198 63 175 212
1110 4 39 1 4 227 200 66 176
1111 4 39 1 4 206 175 63 212
1112 4 39 1 4 213 142 57 208
1113 4 39 1 4 60 143 228 223
1114 4 39 1 4 176 66 227 221
1115 4 39 1 4 210 201 209 244
1116 4 39 1 4 216 225 224 245
1117 4 39 1 4 111 122 118 248
1118 4 39 1 4 209 201 214 244
1119 4 39 1 4 171 117 46 260
1120 4 39 1 4 224 229 216 245
1121 4 39 1 4 188 172 184 249
1122 4 39 1 4 152 59 203 163
1123 4 39 1 4 218 62 153 166
1124 4 39 1 4 106 177 46 260
1125 4 39 1 4 211 203 59 163
1126 4 39 1 4 218 62 166 226
1127 4 39 1 4 214 196 65 209
1128 4 39 1 4 199 68 224 229
1129 4 39 1 4 171 46 177 260
1130 4 39 1 4 177 170 188 259
1131 4 39 1 4 185 65 196 209
1132 4 39 1 4 224 186 68 199
1133 4 39 1 4 106 46 117 260
1134 4 39 1 4 106 122 112 259
1135 4 39 1 4 119 207 54 130
1136 4 39 1 4 42 133 222 120
1137 4 39 1 4 25 24 174 75
1138 4 39 1 4 42 133 226 222
1139 4 39 1 4 130 207 54 211
1140 4 39 1 4 39 140 107 38
1141 4 39 1 4 178 24 23 79
1142 4 39 1 4 182 49 113 48
1143 4 39 1 4 146 12 13 83
1144 4 39 1 4 14 13 69 135
1145 4 39 1 4 168 49 50 102
1146 4 39 1 4 180 50 51 116
1147 4 39 1 4 81 15 14 149
1148 4 39 1 4 48 112 170 47
1149 4 39 1 4 145 11 12 71
1150 4 39 1 4 184 171 177 260
1151 4 39 1 4 32 76 31 202
1152 4 39 1 4 217 19 20 77
1153 4 39 1 4 41 40 141 108
1154 4 39 1 4 106 117 118 260
1155 4 39 1 4 34 138 105 33
1156 4 39 1 4 36 137 104 35
1157 4 39 1 4 157 124 38 37
1158 4 39 1 4 91 25 26 190
1159 4 39 1 4 171 45 46 117
1160 4 39 1 4 150 9 10 72
1161 4 39 1 4 175 64 206 63
1162 4 39 1 4 121 173 53 52
1163 4 39 1 4 74 17 16 154
1164 4 39 1 4 26 27 94 193
1165 4 39 1 4 159 126 37 36
1166 4 39 1 4 221 176 66 67
1167 4 39 1 4 84 21 22 183
1168 4 39 1 4 109 201 56 55
1169 4 39 1 4 44 110 43 216
1170 4 39 1 4 19 18 87 219
1171 4 39 1 4 86 204 30 31
1172 4 39 1 4 142 57 208 58
1173 4 39 1 4 60 61 143 223
1174 4 39 1 4 187 29 28 88
1175 4 39 1 4 80 16 15 136
1176 4 39 1 4 179 51 52 103
1177 4 39 1 4 35 144 111 34
1178 4 39 1 4 139 10 11 78
1179 4 39 1 4 106 177 47 46
1180 4 39 1 4 39 115 148 40
1181 4 39 1 4 172 23 22 73
1182 4 39 1 4 203 59 152 58
1183 4 39 1 4 61 218 62 153
1184 4 39 1 4 27 28 70 169
1185 4 39 1 4 55 119 207 54
1186 4 39 1 4 120 222 42 43
1187 4 39 1 4 99 4 198 212
1188 4 39 1 4 101 3 227 200
1189 4 39 1 4 213 2 165 97
1190 4 39 1 4 228 1 100 167
1191 4 39 1 4 8 214 132 196
1192 4 39 1 4 7 199 134 229
1193 4 39 1 4 211 6 130 163
1194 4 39 1 4 226 5 166 133
1195 4 39 1 4 64 65 185 209
1196 4 39 1 4 224 186 67 68
1197 4 39 1 4 227 20 3 101
1198 4 39 1 4 99 32 4 212
1199 4 39 1 4 130 54 6 211
1200 4 39 1 4 59 6 211 163
1201 4 39 1 4 97 213 2 30
1202 4 39 1 4 133 226 5 42
1203 4 39 1 4 100 18 1 228
1204 4 39 1 4 166 62 5 226
1205 4 39 1 4 8 214 196 65
1206 4 39 1 4 7 68 199 229
1207 4 39 1 4 21 4 198 99
1208 4 39 1 4 3 101 29 200
1209 4 39 1 4 7 199 53 134
1210 4 39 1 4 45 8 132 196
1211 4 39 1 4 2 9 165 97
1212 4 39 1 4 1 17 100 167
1213 4 39 1 4 5 41 166 133
1214 4 39 1 4 6 130 163 33
1215 4 39 1 4 132 214 8 56
1216 4 39 1 4 134 44 7 229
1217 4 39 1 4 213 165 2 57
1218 4 39 1 4 167 228 1 60
1219 4 39 1 4 3 227 200 66
1220 4 39 1 4 4 63 198 212
1221 4 39 1 4 246 248 122 104
1222 4 39 1 4 122 248 246 233
1223 4 39 1 4 122 125 246 104
1224 4 39 1 4 246 125 122 233
1225 4 39 1 4 257 235 190 255
1226 4 39 1 4 257 91 235 255
1227 4 39 1 4 240 86 96 76
1228 4 39 1 4 240 96 86 236
1229 4 39 1 4 190 257 194 235
1230 4 39 1 4 194 257 190 174
1231 4 39 1 4 257 91 95 235
1232 4 39 1 4 95 91 257 75
$ENDELM
