start
pts
334 0.0 0.0 120.1
335 0.0 79.0 120.1
336 70.0 0.0 120.1
337 70.0 79.0 120.1
338 0.0 15.79999999999999 120.1
339 0.0 31.59999999999995 120.1
340 0.0 47.39999999999991 120.1
341 0.0 63.19999999999987 120.1
342 70.0 15.79999999999999 120.1
343 70.0 31.59999999999995 120.1
344 70.0 47.39999999999991 120.1
345 70.0 63.19999999999987 120.1
346 14.00000000000002 0.0 120.1
347 28.00000000000002 0.0 120.1
348 42.00000000000001 0.0 120.1
349 56.00000000000001 0.0 120.1
350 14.00000000000002 79.0 120.1
351 28.00000000000002 79.0 120.1
352 42.00000000000001 79.0 120.1
353 56.00000000000001 79.0 120.1
354 35.00803486406058 11.64094770246632 120.1
355 35.0207677719408 67.49966708876764 120.1
356 13.5813600160301 39.68153268317965 120.1
357 53.83127300554138 39.63557674507884 120.1
358 14.18195590907727 55.93275656439285 120.1
359 27.46146840255999 46.79719496325227 120.1
360 27.50405170413572 32.74008346255078 120.1
361 38.96396873577166 39.7686959149726 120.1
362 14.2817188427398 23.33937924257998 120.1
363 57.51966084781825 56.74779552048867 120.1
364 57.49963885609215 22.37305817396993 120.1
365 21.3781397483111 11.37005516804176 120.1
366 21.50861545338119 68.05883580082363 120.1
367 48.94248203227669 11.92848643458876 120.1
368 41.39277845683974 25.5798238024848 120.1
369 49.00000000000002 67.05431345888925 120.1
370 41.39492267850704 53.69674210913172 120.1
371 27.91294472321739 20.93405787562473 120.1
372 9.938114272491696 69.03831847304325 120.1
373 60.50393216956365 69.00042179587557 120.1
374 9.931971718210185 10.10188688212435 120.1
375 60.48842417767377 10.02030892171174 120.1
376 27.91354604309326 58.39703930527362 120.1
face
1224 2 24 20 3 352 355 369
1225 2 24 20 3 356 359 360
1226 2 24 20 3 357 361 370
1227 2 24 20 3 347 354 365
1228 2 24 20 3 354 365 371
1229 2 24 20 3 351 355 366
1230 2 24 20 3 362 365 371
1231 2 24 20 3 355 369 370
1232 2 24 20 3 338 362 374
1233 2 24 20 3 356 360 362
1234 2 24 20 3 355 366 376
1235 2 24 20 3 357 364 368
1236 2 24 20 3 348 354 367
1237 2 24 20 3 359 361 370
1238 2 24 20 3 359 370 376
1239 2 24 20 3 340 356 358
1240 2 24 20 3 362 365 374
1241 2 24 20 3 363 369 370
1242 2 24 20 3 357 361 368
1243 2 24 20 3 358 359 376
1244 2 24 20 3 352 353 369
1245 2 24 20 3 347 348 354
1246 2 24 20 3 344 345 363
1247 2 24 20 3 348 349 367
1248 2 24 20 3 364 367 375
1249 2 24 20 3 342 343 364
1250 2 24 20 3 351 352 355
1251 2 24 20 3 350 351 366
1252 2 24 20 3 339 340 356
1253 2 24 20 3 358 366 372
1254 2 24 20 3 346 347 365
1255 2 24 20 3 343 344 357
1256 2 24 20 3 344 357 363
1257 2 24 20 3 334 338 374
1258 2 24 20 3 337 345 373
1259 2 24 20 3 335 350 372
1260 2 24 20 3 334 346 374
1261 2 24 20 3 335 341 372
1262 2 24 20 3 337 353 373
1263 2 24 20 3 336 349 375
1264 2 24 20 3 336 342 375
1265 2 24 20 3 346 365 374
1266 2 24 20 3 353 369 373
1267 2 24 20 3 349 367 375
1268 2 24 20 3 350 366 372
1269 2 24 20 3 343 357 364
1270 2 24 20 3 358 366 376
1271 2 24 20 3 364 367 368
1272 2 24 20 3 341 358 372
1273 2 24 20 3 345 363 373
1274 2 24 20 3 355 370 376
1275 2 24 20 3 338 339 362
1276 2 24 20 3 354 368 371
1277 2 24 20 3 354 367 368
1278 2 24 20 3 340 341 358
1279 2 24 20 3 342 364 375
1280 2 24 20 3 360 368 371
1281 2 24 20 3 363 369 373
1282 2 24 20 3 357 363 370
1283 2 24 20 3 339 356 362
1284 2 24 20 3 360 361 368
1285 2 24 20 3 360 362 371
1286 2 24 20 3 359 360 361
1287 2 24 20 3 356 358 359
1288 6 34 25 6 67 251 265 352 355 369
1289 6 34 25 6 252 255 256 356 359 360
1290 6 34 25 6 253 257 266 357 361 370
1291 6 34 25 6 58 250 261 347 354 365
1292 6 34 25 6 250 261 267 354 365 371
1293 6 34 25 6 66 251 262 351 355 366
1294 6 34 25 6 258 261 267 362 365 371
1295 6 34 25 6 251 265 266 355 369 370
1296 6 34 25 6 16 258 270 338 362 374
1297 6 34 25 6 252 256 258 356 360 362
1298 6 34 25 6 251 262 272 355 366 376
1299 6 34 25 6 253 260 264 357 364 368
1300 6 34 25 6 59 250 263 348 354 367
1301 6 34 25 6 255 257 266 359 361 370
1302 6 34 25 6 255 266 272 359 370 376
1303 6 34 25 6 18 252 254 340 356 358
1304 6 34 25 6 258 261 270 362 365 374
1305 6 34 25 6 259 265 266 363 369 370
1306 6 34 25 6 253 257 264 357 361 368
1307 6 34 25 6 254 255 272 358 359 376
1308 6 34 25 6 67 68 265 352 353 369
1309 6 34 25 6 58 59 250 347 348 354
1310 6 34 25 6 40 41 259 344 345 363
1311 6 34 25 6 59 60 263 348 349 367
1312 6 34 25 6 260 263 271 364 367 375
1313 6 34 25 6 38 39 260 342 343 364
1314 6 34 25 6 66 67 251 351 352 355
1315 6 34 25 6 65 66 262 350 351 366
1316 6 34 25 6 17 18 252 339 340 356
1317 6 34 25 6 254 262 268 358 366 372
1318 6 34 25 6 57 58 261 346 347 365
1319 6 34 25 6 39 40 253 343 344 357
1320 6 34 25 6 40 253 259 344 357 363
1321 6 34 25 6 1 16 270 334 338 374
1322 6 34 25 6 7 41 269 337 345 373
1323 6 34 25 6 3 65 268 335 350 372
1324 6 34 25 6 1 57 270 334 346 374
1325 6 34 25 6 3 19 268 335 341 372
1326 6 34 25 6 7 68 269 337 353 373
1327 6 34 25 6 5 60 271 336 349 375
1328 6 34 25 6 5 38 271 336 342 375
1329 6 34 25 6 57 261 270 346 365 374
1330 6 34 25 6 68 265 269 353 369 373
1331 6 34 25 6 60 263 271 349 367 375
1332 6 34 25 6 65 262 268 350 366 372
1333 6 34 25 6 39 253 260 343 357 364
1334 6 34 25 6 254 262 272 358 366 376
1335 6 34 25 6 260 263 264 364 367 368
1336 6 34 25 6 19 254 268 341 358 372
1337 6 34 25 6 41 259 269 345 363 373
1338 6 34 25 6 251 266 272 355 370 376
1339 6 34 25 6 16 17 258 338 339 362
1340 6 34 25 6 250 264 267 354 368 371
1341 6 34 25 6 250 263 264 354 367 368
1342 6 34 25 6 18 19 254 340 341 358
1343 6 34 25 6 38 260 271 342 364 375
1344 6 34 25 6 256 264 267 360 368 371
1345 6 34 25 6 259 265 269 363 369 373
1346 6 34 25 6 253 259 266 357 363 370
1347 6 34 25 6 17 252 258 339 356 362
1348 6 34 25 6 256 257 264 360 361 368
1349 6 34 25 6 256 258 267 360 362 371
1350 6 34 25 6 255 256 257 359 360 361
1351 6 34 25 6 252 254 255 356 358 359
