$NOD
478
1 0 0 1
2 0 0 0
3 0 3 1
4 0 3 0
5 1 0 0
6 1 0 1
7 1 3 1
8 1 3 0
9 0.3 0.5 0.7
10 0.3 0.5 0.3
11 0.3 1.5 0.7
12 0.3 1.5 0.3
13 0.7 0.5 0.3
14 0.7 0.5 0.7
15 0.7 1.5 0.7
16 0.7 1.5 0.3
17 0.4 2.5 0.09999999999999998
18 0.4 2.5 0.9
19 0 0 0.2499999999999999
20 0 0 0.4999999999999999
21 0 0 0.75
22 0 0.3000000000000009 1
23 0 0.600000000000002 1
24 0 0.9000000000000029 1
25 0 1.200000000000004 1
26 0 1.500000000000004 1
27 0 1.800000000000003 1
28 0 2.100000000000002 1
29 0 2.400000000000002 1
30 0 2.700000000000001 1
31 0 3 0.2499999999999999
32 0 3 0.4999999999999999
33 0 3 0.75
34 0 0.3000000000000009 0
35 0 0.600000000000002 0
36 0 0.9000000000000029 0
37 0 1.200000000000004 0
38 0 1.500000000000004 0
39 0 1.800000000000003 0
40 0 2.100000000000002 0
41 0 2.400000000000002 0
42 0 2.700000000000001 0
43 0.2499999999999999 0 0
44 0.4999999999999999 0 0
45 0.75 0 0
46 1 0 0.2499999999999999
47 1 0 0.4999999999999999
48 1 0 0.75
49 0.2499999999999999 0 1
50 0.4999999999999999 0 1
51 0.75 0 1
52 0.2499999999999999 3 1
53 0.4999999999999999 3 1
54 0.75 3 1
55 1 0.3000000000000009 1
56 1 0.600000000000002 1
57 1 0.9000000000000029 1
58 1 1.200000000000004 1
59 1 1.500000000000004 1
60 1 1.800000000000003 1
61 1 2.100000000000002 1
62 1 2.400000000000002 1
63 1 2.700000000000001 1
64 0.2499999999999999 3 0
65 0.4999999999999999 3 0
66 0.75 3 0
67 1 3 0.2499999999999999
68 1 3 0.4999999999999999
69 1 3 0.75
70 1 0.3000000000000009 0
71 1 0.600000000000002 0
72 1 0.9000000000000029 0
73 1 1.200000000000004 0
74 1 1.500000000000004 0
75 1 1.800000000000003 0
76 1 2.100000000000002 0
77 1 2.400000000000002 0
78 1 2.700000000000001 0
79 0.3 0.5 0.4999999999999999
80 0.3 0.7499999999999999 0.7
81 0.3 1 0.7
82 0.3 1.25 0.7
83 0.3 1.5 0.4999999999999999
84 0.3 0.7499999999999999 0.3
85 0.3 1 0.3
86 0.3 1.25 0.3
87 0.4999999999999999 0.5 0.3
88 0.7 0.5 0.4999999999999999
89 0.4999999999999999 0.5 0.7
90 0.4999999999999999 1.5 0.7
91 0.7 0.7499999999999999 0.7
92 0.7 1 0.7
93 0.7 1.25 0.7
94 0.4999999999999999 1.5 0.3
95 0.7 1.5 0.4999999999999999
96 0.7 0.7499999999999999 0.3
97 0.7 1 0.3
98 0.7 1.25 0.3
99 0.4049515566048791 2.521694186955878 0.09999999999999998
100 0.4188255099070634 2.539091574123402 0.09999999999999998
101 0.4388739533021844 2.548746395609091 0.09999999999999998
102 0.4611260466978159 2.548746395609091 0.09999999999999998
103 0.4811744900929368 2.539091574123401 0.09999999999999998
104 0.4950484433951211 2.521694186955878 0.09999999999999998
105 0.5 2.5 0.09999999999999998
106 0.4950484433951208 2.478305813044122 0.09999999999999998
107 0.4811744900929365 2.460908425876598 0.09999999999999998
108 0.4611260466978155 2.451253604390909 0.09999999999999998
109 0.4388739533021841 2.451253604390909 0.09999999999999998
110 0.4188255099070632 2.460908425876599 0.09999999999999998
111 0.404951556604879 2.478305813044122 0.09999999999999998
112 0.4 2.5 0.7666666666666668
113 0.4 2.5 0.6333333333333335
114 0.4 2.5 0.4999999999999999
115 0.4 2.5 0.3666666666666664
116 0.4 2.5 0.2333333333333332
117 0.4049515566048791 2.521694186955878 0.9
118 0.4188255099070634 2.539091574123402 0.9
119 0.4388739533021844 2.548746395609091 0.9
120 0.4611260466978159 2.548746395609091 0.9
121 0.4811744900929368 2.539091574123401 0.9
122 0.4950484433951211 2.521694186955878 0.9
123 0.5 2.5 0.9
124 0.4950484433951208 2.478305813044122 0.9
125 0.4811744900929365 2.460908425876598 0.9
126 0.4611260466978155 2.451253604390909 0.9
127 0.4388739533021841 2.451253604390909 0.9
128 0.4188255099070632 2.460908425876599 0.9
129 0.404951556604879 2.478305813044122 0.9
130 0 0.3000000000000008 0.2499999999999999
131 0 0.600000000000002 0.2499999999999999
132 0 0.900000000000003 0.2499999999999999
133 0 1.200000000000004 0.2499999999999999
134 0 1.500000000000004 0.2499999999999999
135 0 1.800000000000003 0.25
136 0 2.100000000000002 0.25
137 0 2.400000000000001 0.2499999999999999
138 0 2.700000000000001 0.2499999999999999
139 0 0.3000000000000008 0.5
140 0 0.6000000000000021 0.4999999999999999
141 0 0.900000000000003 0.4999999999999999
142 0 1.200000000000004 0.4999999999999999
143 0 1.500000000000004 0.4999999999999999
144 0 1.800000000000003 0.4999999999999999
145 0 2.100000000000002 0.4999999999999999
146 0 2.400000000000001 0.4999999999999999
147 0 2.7 0.4999999999999999
148 0 0.3000000000000009 0.75
149 0 0.600000000000002 0.7500000000000002
150 0 0.900000000000003 0.75
151 0 1.200000000000004 0.75
152 0 1.500000000000004 0.75
153 0 1.800000000000003 0.75
154 0 2.100000000000002 0.75
155 0 2.400000000000002 0.75
156 0 2.700000000000001 0.75
157 0.2499999999999999 0 0.2499999999999999
158 0.2499999999999999 0 0.4999999999999999
159 0.2499999999999999 0 0.75
160 0.4999999999999999 0 0.2499999999999999
161 0.4999999999999999 0 0.4999999999999999
162 0.4999999999999999 0 0.75
163 0.75 0 0.2499999999999999
164 0.75 0 0.4999999999999999
165 0.75 0 0.75
166 0.2499999999999999 0.3000000000000008 1
167 0.4999999999999999 0.3000000000000008 1
168 0.75 0.3000000000000009 1
169 0.2499999999999999 0.600000000000002 1
170 0.4999999999999999 0.6000000000000021 1
171 0.75 0.600000000000002 1
172 0.2499999999999999 0.900000000000003 1
173 0.4999999999999998 0.9000000000000028 1
174 0.75 0.900000000000003 1
175 0.2499999999999999 1.200000000000004 1
176 0.4999999999999999 1.200000000000004 1
177 0.75 1.200000000000004 1
178 0.2499999999999999 1.500000000000004 1
179 0.4999999999999999 1.500000000000004 1
180 0.75 1.500000000000004 1
181 0.2499999999999999 1.800000000000003 1
182 0.4999999999999999 1.800000000000003 1
183 0.75 1.800000000000003 1
184 0.2499999999999999 2.100000000000002 1
185 0.4999999999999999 2.100000000000002 1
186 0.75 2.100000000000002 1
187 0.2499999999999999 2.400000000000001 1
188 0.4999999999999999 2.400000000000001 1
189 0.75 2.400000000000002 1
190 0.2499999999999999 2.700000000000001 1
191 0.4999999999999999 2.699999999999999 1
192 0.75 2.700000000000001 1
193 0.2499999999999999 3 0.2499999999999999
194 0.2499999999999999 3 0.4999999999999999
195 0.2499999999999999 3 0.75
196 0.4999999999999999 3 0.2499999999999999
197 0.4999999999999999 3 0.4999999999999999
198 0.4999999999999999 3 0.75
199 0.75 3 0.2499999999999999
200 0.75 3 0.4999999999999999
201 0.75 3 0.75
202 0.2499999999999999 0.3000000000000008 0
203 0.4999999999999999 0.3000000000000008 0
204 0.75 0.3000000000000009 0
205 0.2499999999999999 0.600000000000002 0
206 0.4999999999999999 0.6000000000000021 0
207 0.75 0.600000000000002 0
208 0.2499999999999999 0.900000000000003 0
209 0.4999999999999998 0.9000000000000028 0
210 0.75 0.900000000000003 0
211 0.2499999999999999 1.200000000000004 0
212 0.4999999999999999 1.200000000000004 0
213 0.75 1.200000000000004 0
214 0.2499999999999999 1.500000000000004 0
215 0.4999999999999999 1.500000000000004 0
216 0.75 1.500000000000004 0
217 0.2499999999999999 1.800000000000003 0
218 0.4999999999999999 1.800000000000003 0
219 0.75 1.800000000000003 0
220 0.2499999999999999 2.100000000000002 0
221 0.4999999999999999 2.100000000000002 0
222 0.75 2.100000000000002 0
223 0.2499999999999999 2.400000000000001 0
224 0.4999999999999999 2.400000000000001 0
225 0.75 2.400000000000002 0
226 0.2499999999999999 2.700000000000001 0
227 0.4999999999999999 2.699999999999999 0
228 0.75 2.700000000000001 0
229 1 0.3000000000000008 0.2499999999999999
230 1 0.600000000000002 0.2499999999999999
231 1 0.900000000000003 0.2499999999999999
232 1 1.200000000000004 0.2499999999999999
233 1 1.500000000000004 0.2499999999999999
234 1 1.800000000000003 0.25
235 1 2.100000000000002 0.25
236 1 2.400000000000001 0.2499999999999999
237 1 2.700000000000001 0.2499999999999999
238 1 0.3000000000000008 0.5
239 1 0.6000000000000021 0.4999999999999999
240 1 0.900000000000003 0.4999999999999999
241 1 1.200000000000004 0.4999999999999999
242 1 1.500000000000004 0.4999999999999999
243 1 1.800000000000003 0.4999999999999999
244 1 2.100000000000002 0.4999999999999999
245 1 2.400000000000001 0.4999999999999999
246 1 2.7 0.4999999999999999
247 1 0.3000000000000009 0.75
248 1 0.600000000000002 0.7500000000000002
249 1 0.900000000000003 0.75
250 1 1.200000000000004 0.75
251 1 1.500000000000004 0.75
252 1 1.800000000000003 0.75
253 1 2.100000000000002 0.75
254 1 2.400000000000002 0.75
255 1 2.700000000000001 0.75
256 0.3 0.7499999999999999 0.4999999999999999
257 0.3 0.9999999999999999 0.4999999999999998
258 0.3 1.25 0.4999999999999999
259 0.4999999999999999 0.5 0.4999999999999999
260 0.4999999999999999 0.7499999999999999 0.7
261 0.4999999999999999 0.9999999999999999 0.7
262 0.4999999999999999 1.25 0.7
263 0.4999999999999999 1.5 0.4999999999999999
264 0.4999999999999999 0.7499999999999999 0.3
265 0.4999999999999999 0.9999999999999999 0.3
266 0.4999999999999999 1.25 0.3
267 0.7 0.7499999999999999 0.4999999999999999
268 0.7 0.9999999999999999 0.4999999999999998
269 0.7 1.25 0.4999999999999999
270 0.4836628453676665 2.536970431993048 0.5666666666666668
271 0.4893031683230854 2.469092703777794 0.879069811994625
272 0.4836628453676663 2.463029568006952 0.2999999999999997
273 0.4890915741234017 2.531174490092936 0.1192300603586423
274 0.4713911494098078 2.45480687301229 0.1202831942290499
275 0.4568791953399103 2.450475494232902 0.8643985093478853
276 0.4989809542930775 2.510043212461133 0.8756414870971357
277 0.498713974376474 2.488732848609865 0.1283056950573488
278 0.4287116253000438 2.454758369805739 0.1223148305136147
279 0.4490501428053965 2.549990976898935 0.121158446681251
280 0.4977754000519392 2.514748259215147 0.3632523219888649
281 0.471519527708775 2.545132138517815 0.8720329277150916
282 0.4283058130441222 2.545048443395121 0.8807699396409807
283 0.4729128197422896 2.455558997632171 0.2100356407494307
284 0.4999298452390714 2.50264774515435 0.6641274180559935
285 0.4875389366162269 2.466972311044778 0.7511278602945307
286 0.4620736631923661 2.548520373629201 0.2923291713810927
287 0.4500000000000002 2.55 0.849056043836784
288 0.477798224330474 2.541560302261565 0.4754006202535414
289 0.4641165708650027 2.547965846464056 0.2085293191498775
290 0.4999982948127153 2.500412935613384 0.2499228867919375
291 0.49999104373813 2.499053667092205 0.1848045703412685
292 0.4784112002962717 2.458856304277263 0.1684012941547636
293 0.4359182701940136 2.452023913397702 0.185109283131441
294 0.4784060306296233 2.541147265083707 0.1692299854701116
295 0.4253885723373854 2.543523299833628 0.1339958425136746
296 0.4971917366660776 2.483479104429856 0.1510939652785241
297 0.4893630381692839 2.469168989214048 0.1218110477962336
298 0.4986768077398279 2.51142665253956 0.1404434068093773
299 0.4376249203201608 2.451555625683495 0.7921497796934792
300 0.492745011776285 2.474060378409752 0.8209707874728766
301 0.495665062345941 2.520364235338979 0.7763529309580725
302 0.4909660507993169 2.52866675220369 0.8312461446342148
303 0.4810167715564854 2.460783168381258 0.1416903218497363
304 0.453142259914028 2.450098835658547 0.1413733039724031
305 0.4586699609884669 2.450757419071921 0.8328941691038303
306 0.4716604299581308 2.545064684332955 0.135541177653464
307 0.4987463956090913 2.511126046697815 0.1186243928925435
308 0.498931057488354 2.489716439669482 0.8768077515423247
309 0.4950484433950807 2.478305813044039 0.8574477977196039
310 0.4467620859913756 2.450104951018435 0.701414288437576
311 0.4717642063835795 2.454985343270297 0.5992267137981886
312 0.4909587824902767 2.471322863864845 0.5195985179143245
313 0.4276786123202646 2.455259015969125 0.86785899413565
314 0.4742168512172945 2.456255924776955 0.8821830713949284
315 0.4118994592483328 2.467621785187714 0.1170971246996949
316 0.4188555104537148 2.46088452006045 0.147940499730296
317 0.4929522996906438 2.47440507958041 0.4587183327998524
318 0.4499999999999998 2.45 0.1192300603586421
319 0.4907771373022564 2.528934841859477 0.8593712166633223
320 0.4583688540132347 2.549294647605041 0.7976958840190358
321 0.4524766984002454 2.549938621977726 0.7236604738082824
322 0.499656149274976 2.50585378844692 0.7210152708793123
323 0.4717069502465912 2.545042294690568 0.1186069436780445
324 0.4827060025327438 2.462180462743072 0.2556344164858778
325 0.4982071101166244 2.513269307977572 0.3083734031797494
326 0.4813045732668865 2.461012518771045 0.8559624871959232
327 0.4391826412933001 2.548815824796992 0.4074953709233723
328 0.4956798968878216 2.479669062483053 0.3468265330304762
329 0.4829266676160848 2.462372422882946 0.399823766279327
330 0.4995561544762015 2.506647371926623 0.8545417226933523
331 0.4269551125025198 2.481622315470971 0.09999999999999998
332 0.4722615741238426 2.516048772982136 0.09999999999999998
333 0.462788947719765 2.473443476420263 0.09999999999999998
334 0.4372110522802349 2.526556523579737 0.09999999999999998
335 0.4787365046793214 2.493441080330163 0.09999999999999998
336 0.4212634953206789 2.506558919669837 0.09999999999999998
337 0.479437096471786 2.476524698917786 0.09999999999999998
338 0.457817573748282 2.496522971817732 0.09999999999999998
339 0.4520572572734703 2.515099667939671 0.09999999999999998
340 0.4454355725582314 2.480001936730221 0.09999999999999998
341 0.4401233439472362 2.501060389201362 0.09999999999999998
342 0.4571173956284141 2.532381554973855 0.09999999999999998
343 0.4493025128822374 2.463996343277441 0.09999999999999998
344 0.4205629035282141 2.523475301082213 0.09999999999999998
345 0.4132925411070194 2.491621762046233 0.09999999999999998
346 0.4865116305495713 2.507796010067044 0.09999999999999998
347 0.4358785322304472 2.467556525149228 0.09999999999999998
348 0.4269551125025198 2.481622315470971 0.9
349 0.4722615741238426 2.516048772982136 0.9
350 0.462788947719765 2.473443476420263 0.9
351 0.4372110522802349 2.526556523579737 0.9
352 0.4787365046793214 2.493441080330163 0.9
353 0.4212634953206789 2.506558919669837 0.9
354 0.479437096471786 2.476524698917786 0.9
355 0.457817573748282 2.496522971817732 0.9
356 0.4520572572734703 2.515099667939671 0.9
357 0.4454355725582314 2.480001936730221 0.9
358 0.4401233439472362 2.501060389201362 0.9
359 0.4571173956284141 2.532381554973855 0.9
360 0.4493025128822374 2.463996343277441 0.9
361 0.4205629035282141 2.523475301082213 0.9
362 0.4132925411070194 2.491621762046233 0.9
363 0.4865116305495713 2.507796010067044 0.9
364 0.4358785322304472 2.467556525149228 0.9
365 0.08333333333333331 1.350000000000004 0.9166666666666666
366 0.9182268617607797 2.219549472529335 0.06130790715177745
367 0.9182268617608508 1.919549472529237 0.06130790715175819
368 0.606234505437598 2.25727096733491 0.7990371981568734
369 0.6061225085661363 2.427202606053504 0.8787238988597975
370 0.6829231448556387 2.490395799022037 0.1530446947311628
371 0.5510240703592278 2.373605777521576 0.120847596617031
372 0.4013918942936157 2.280798160169521 0.1234487706935725
373 0.4852155687764431 2.105030716837373 0.4868645589934761
374 0.6067006370712226 2.639220845317833 0.2533280951635293
375 0.6109582683551663 2.628359935733837 0.09619418106065862
376 0.648882180764324 2.593144301132754 0.8753768174857475
377 0.5999999999999999 1.805282164606025 0.4999999999999999
378 0.6756385324738886 2.262194527631212 0.3500104304219814
379 0.3999999999999999 1.767289116344466 0.3
380 0.4 1.767289116344466 0.6999999999999998
381 0.7119851679472531 2.563132955921084 0.4509007371554427
382 0.4086309542223804 2.246975510522269 0.8668072374698519
383 0.2879184742041517 2.254733234428558 0.5989504606588664
384 0.6250983122027145 2.715686134311683 0.6621297358447827
385 0.4547815262844015 2.635237879997294 0.1671539642876431
386 0.2765703406503451 2.699552568424588 0.3149285677261413
387 0.6276498643788322 2.450003838773437 0.2955889404352917
388 0.3192926725409628 2.735678195619749 0.5666666666666668
389 0.3500486281669111 2.333921498539962 0.2999999999999998
390 0.2610549333874391 2.461248893714824 0.1666666666666666
391 0.5176382902237419 2.342024209254229 0.8586982851806937
392 0.6799544318389278 2.411701023080158 0.5967271808306124
393 0.2956694547430286 2.687517205193791 0.7745917354150901
394 0.3999999999999999 0.2475 0.3000000000000002
395 0.2999999999999999 0.2475 0.6
396 0.6999999999999998 0.2475 0.4
397 0.6 0.2475 0.6999999999999998
398 0.5085652233824307 2.621611939448653 0.100209550438779
399 0.5365671517080856 2.659593240001553 0.8284865889735428
400 0.3654031701644345 2.675667127235744 0.903095409436549
401 0.3561612554058238 2.377000373604204 0.1188315070791507
402 0.6870091934341621 1.648546057007798 0.5953194542213043
403 0.6999999999999998 1.669019372880363 0.3999999999999999
404 0.4 1.689763565953563 0.4999999999999999
405 0.5193684291966602 2.772341694087728 0.4310994430694111
406 0.7080845019104353 1.920180096870105 0.2586836297279845
407 0.4499999999999998 2.357893739737338 0.1003511470443509
408 0.4008496799416852 2.322765355266644 0.4785760426890964
409 0.5954733561521219 2.466796655760643 0.1075455325599824
410 0.3021868902756991 2.361372794874534 0.7341134533188508
411 0.3109494409666112 2.38911087946165 0.8651195461258191
412 0.5868273462263283 1.982195423573236 0.7240433954470967
413 0.6078847748860332 2.474551134150565 0.7667442479558132
414 0.5646287237946731 2.377620842704182 0.6737706213876663
415 0.6547120210447452 1.66758963427278 0.7755458977979746
416 0.6505674560063283 1.668515498604008 0.2128890710868132
417 0.2401733485199247 2.417378166669819 0.4333333333333331
418 0.5854315484536966 2.530911367161108 0.894899931449617
419 0.5505879075386207 2.506026081575747 0.8114987061770914
420 0.2614364722282914 2.543038394721878 0.8333333333333335
421 0.2923175105697099 2.625747589213387 0.1310467331958708
422 0.182925362984387 1.682925362984388 0.5999999999999999
423 0.2700753979796571 1.933657655155155 0.5204854098963246
424 0.3999999999999999 0.3539480198019801 0.4999999999999999
425 0.3999999999999999 0.3539480198019802 0.6999999999999998
426 0.5999999999999999 0.3539480198019803 0.5
427 0.5999999999999999 0.3539480198019802 0.2999999999999999
428 0.2231372679370494 1.661734833205609 0.3999999999999999
429 0.2248412128649827 2.562246413787442 0.5666666666666668
430 0.2003337551794277 0.3244993672308585 0.3999999999999999
431 0.7996662448205721 0.3244993672308584 0.5999999999999999
432 0.5642235253055108 2.433554164339952 0.1891627140718684
433 0.516955054687069 2.294882535086767 0.2802988808844671
434 0.5284749814944313 2.408663168084474 0.8842971058734841
435 0.5773649566068703 2.321392304501646 0.4842865082676713
436 0.5810244158851815 2.48277777299625 0.5874628511955523
437 0.7523453191161092 2.153008666009386 0.5991644410005895
438 0.3151073878690283 2.057559713249865 0.2692609612462037
439 0.1881966011250105 0.625 0.4
440 0.1881966011250105 0.8749999999999999 0.3999999999999999
441 0.1881966011250105 1.125 0.4
442 0.1881966011250105 1.375 0.4
443 0.1881966011250105 0.625 0.5999999999999999
444 0.1881966011250105 0.875 0.5999999999999999
445 0.1881966011250105 1.125 0.5999999999999999
446 0.1881966011250105 1.375 0.5999999999999999
447 0.4 0.41 0.3999999999999999
448 0.4 0.4 0.5999999999999999
449 0.5999999999999999 0.41 0.3999999999999999
450 0.5999999999999999 0.41 0.5999999999999999
451 0.4 0.625 0.8118033988749894
452 0.5999999999999999 0.625 0.8118033988749894
453 0.4 0.8749999999999999 0.8118033988749894
454 0.5999999999999999 0.875 0.8118033988749895
455 0.4 1.125 0.8118033988749894
456 0.5999999999999999 1.125 0.8118033988749895
457 0.4 1.375 0.8118033988749894
458 0.5999999999999999 1.375 0.8118033988749894
459 0.3999999999999999 1.6 0.4
460 0.3941056946833118 1.533358929474181 0.5993075493721224
461 0.6024244960684573 1.53723287160975 0.4025943859812245
462 0.598349961143101 1.535064214575381 0.6047024147226919
463 0.3999999999999999 0.625 0.1881966011250105
464 0.5999999999999999 0.625 0.1881966011250105
465 0.3999999999999999 0.875 0.1881966011250105
466 0.5999999999999999 0.875 0.1881966011250105
467 0.3999999999999999 1.125 0.1881966011250105
468 0.5999999999999999 1.125 0.1881966011250105
469 0.3999999999999999 1.375 0.1881966011250105
470 0.5999999999999999 1.375 0.1881966011250105
471 0.8118033988749894 0.625 0.3999999999999999
472 0.8118033988749894 0.875 0.3999999999999999
473 0.8118033988749894 1.125 0.3999999999999999
474 0.8118033988749894 1.375 0.3999999999999999
475 0.8118033988749894 0.625 0.5999999999999999
476 0.8118033988749895 0.875 0.5999999999999999
477 0.8118033988749895 1.125 0.5999999999999999
478 0.8118033988749894 1.375 0.5999999999999999
$ENDNOD
$ELM
2568
1 15 0 1 1 1
2 15 0 2 1 2
3 15 0 3 1 3
4 15 0 4 1 4
5 15 0 5 1 5
6 15 0 6 1 6
7 15 0 7 1 7
8 15 0 8 1 8
9 15 0 9 1 9
10 15 0 10 1 10
11 15 0 11 1 11
12 15 0 12 1 12
13 15 0 13 1 13
14 15 0 14 1 14
15 15 0 15 1 15
16 15 0 16 1 16
17 15 0 17 1 17
18 15 0 18 1 18
19 1 0 1 2 2 19
20 1 0 1 2 19 20
21 1 0 1 2 20 21
22 1 0 1 2 21 1
23 1 0 2 2 1 22
24 1 0 2 2 22 23
25 1 0 2 2 23 24
26 1 0 2 2 24 25
27 1 0 2 2 25 26
28 1 0 2 2 26 27
29 1 0 2 2 27 28
30 1 0 2 2 28 29
31 1 0 2 2 29 30
32 1 0 2 2 30 3
33 1 0 3 2 4 31
34 1 0 3 2 31 32
35 1 0 3 2 32 33
36 1 0 3 2 33 3
37 1 0 4 2 2 34
38 1 0 4 2 34 35
39 1 0 4 2 35 36
40 1 0 4 2 36 37
41 1 0 4 2 37 38
42 1 0 4 2 38 39
43 1 0 4 2 39 40
44 1 0 4 2 40 41
45 1 0 4 2 41 42
46 1 0 4 2 42 4
47 1 0 5 2 2 43
48 1 0 5 2 43 44
49 1 0 5 2 44 45
50 1 0 5 2 45 5
51 1 0 6 2 5 46
52 1 0 6 2 46 47
53 1 0 6 2 47 48
54 1 0 6 2 48 6
55 1 0 7 2 1 49
56 1 0 7 2 49 50
57 1 0 7 2 50 51
58 1 0 7 2 51 6
59 1 0 8 2 3 52
60 1 0 8 2 52 53
61 1 0 8 2 53 54
62 1 0 8 2 54 7
63 1 0 9 2 6 55
64 1 0 9 2 55 56
65 1 0 9 2 56 57
66 1 0 9 2 57 58
67 1 0 9 2 58 59
68 1 0 9 2 59 60
69 1 0 9 2 60 61
70 1 0 9 2 61 62
71 1 0 9 2 62 63
72 1 0 9 2 63 7
73 1 0 10 2 4 64
74 1 0 10 2 64 65
75 1 0 10 2 65 66
76 1 0 10 2 66 8
77 1 0 11 2 8 67
78 1 0 11 2 67 68
79 1 0 11 2 68 69
80 1 0 11 2 69 7
81 1 0 12 2 5 70
82 1 0 12 2 70 71
83 1 0 12 2 71 72
84 1 0 12 2 72 73
85 1 0 12 2 73 74
86 1 0 12 2 74 75
87 1 0 12 2 75 76
88 1 0 12 2 76 77
89 1 0 12 2 77 78
90 1 0 12 2 78 8
91 1 0 13 2 10 79
92 1 0 13 2 79 9
93 1 0 14 2 9 80
94 1 0 14 2 80 81
95 1 0 14 2 81 82
96 1 0 14 2 82 11
97 1 0 15 2 12 83
98 1 0 15 2 83 11
99 1 0 16 2 10 84
100 1 0 16 2 84 85
101 1 0 16 2 85 86
102 1 0 16 2 86 12
103 1 0 17 2 10 87
104 1 0 17 2 87 13
105 1 0 18 2 13 88
106 1 0 18 2 88 14
107 1 0 19 2 9 89
108 1 0 19 2 89 14
109 1 0 20 2 11 90
110 1 0 20 2 90 15
111 1 0 21 2 14 91
112 1 0 21 2 91 92
113 1 0 21 2 92 93
114 1 0 21 2 93 15
115 1 0 22 2 12 94
116 1 0 22 2 94 16
117 1 0 23 2 16 95
118 1 0 23 2 95 15
119 1 0 24 2 13 96
120 1 0 24 2 96 97
121 1 0 24 2 97 98
122 1 0 24 2 98 16
123 1 0 25 2 17 99
124 1 0 25 2 99 100
125 1 0 25 2 100 101
126 1 0 25 2 101 102
127 1 0 25 2 102 103
128 1 0 25 2 103 104
129 1 0 25 2 104 105
130 1 0 25 2 105 106
131 1 0 25 2 106 107
132 1 0 25 2 107 108
133 1 0 25 2 108 109
134 1 0 25 2 109 110
135 1 0 25 2 110 111
136 1 0 25 2 111 17
137 1 0 26 2 18 112
138 1 0 26 2 112 113
139 1 0 26 2 113 114
140 1 0 26 2 114 115
141 1 0 26 2 115 116
142 1 0 26 2 116 17
143 1 0 27 2 18 117
144 1 0 27 2 117 118
145 1 0 27 2 118 119
146 1 0 27 2 119 120
147 1 0 27 2 120 121
148 1 0 27 2 121 122
149 1 0 27 2 122 123
150 1 0 27 2 123 124
151 1 0 27 2 124 125
152 1 0 27 2 125 126
153 1 0 27 2 126 127
154 1 0 27 2 127 128
155 1 0 27 2 128 129
156 1 0 27 2 129 18
157 2 0 1 3 21 1 148
158 2 0 1 3 148 1 22
159 2 0 1 3 2 19 34
160 2 0 1 3 33 30 3
161 2 0 1 3 4 138 31
162 2 0 1 3 42 138 4
163 2 0 1 3 19 20 130
164 2 0 1 3 34 19 130
165 2 0 1 3 20 21 139
166 2 0 1 3 130 20 139
167 2 0 1 3 139 21 148
168 2 0 1 3 149 22 23
169 2 0 1 3 148 22 149
170 2 0 1 3 150 23 24
171 2 0 1 3 149 23 150
172 2 0 1 3 151 24 25
173 2 0 1 3 150 24 151
174 2 0 1 3 152 25 26
175 2 0 1 3 151 25 152
176 2 0 1 3 153 26 27
177 2 0 1 3 152 26 153
178 2 0 1 3 154 27 28
179 2 0 1 3 153 27 154
180 2 0 1 3 155 28 29
181 2 0 1 3 154 28 155
182 2 0 1 3 156 29 30
183 2 0 1 3 155 29 156
184 2 0 1 3 156 30 33
185 2 0 1 3 31 147 32
186 2 0 1 3 138 147 31
187 2 0 1 3 32 156 33
188 2 0 1 3 147 156 32
189 2 0 1 3 34 130 35
190 2 0 1 3 35 131 36
191 2 0 1 3 35 130 131
192 2 0 1 3 36 132 37
193 2 0 1 3 36 131 132
194 2 0 1 3 37 133 38
195 2 0 1 3 37 132 133
196 2 0 1 3 38 134 39
197 2 0 1 3 38 133 134
198 2 0 1 3 39 135 40
199 2 0 1 3 39 134 135
200 2 0 1 3 40 136 41
201 2 0 1 3 40 135 136
202 2 0 1 3 41 137 42
203 2 0 1 3 41 136 137
204 2 0 1 3 42 137 138
205 2 0 1 3 130 139 131
206 2 0 1 3 131 140 132
207 2 0 1 3 131 139 140
208 2 0 1 3 132 141 133
209 2 0 1 3 132 140 141
210 2 0 1 3 133 142 134
211 2 0 1 3 133 141 142
212 2 0 1 3 134 143 135
213 2 0 1 3 134 142 143
214 2 0 1 3 135 144 136
215 2 0 1 3 135 143 144
216 2 0 1 3 136 145 137
217 2 0 1 3 136 144 145
218 2 0 1 3 137 146 138
219 2 0 1 3 137 145 146
220 2 0 1 3 138 146 147
221 2 0 1 3 139 148 140
222 2 0 1 3 140 149 141
223 2 0 1 3 140 148 149
224 2 0 1 3 141 150 142
225 2 0 1 3 141 149 150
226 2 0 1 3 142 151 143
227 2 0 1 3 142 150 151
228 2 0 1 3 143 152 144
229 2 0 1 3 143 151 152
230 2 0 1 3 144 153 145
231 2 0 1 3 144 152 153
232 2 0 1 3 145 154 146
233 2 0 1 3 145 153 154
234 2 0 1 3 146 155 147
235 2 0 1 3 146 154 155
236 2 0 1 3 147 155 156
237 2 0 2 3 21 159 1
238 2 0 2 3 1 159 49
239 2 0 2 3 2 43 19
240 2 0 2 3 45 5 163
241 2 0 2 3 163 5 46
242 2 0 2 3 51 48 6
243 2 0 2 3 19 157 20
244 2 0 2 3 19 43 157
245 2 0 2 3 20 158 21
246 2 0 2 3 20 157 158
247 2 0 2 3 21 158 159
248 2 0 2 3 43 44 157
249 2 0 2 3 44 45 160
250 2 0 2 3 157 44 160
251 2 0 2 3 160 45 163
252 2 0 2 3 164 46 47
253 2 0 2 3 163 46 164
254 2 0 2 3 165 47 48
255 2 0 2 3 164 47 165
256 2 0 2 3 165 48 51
257 2 0 2 3 49 162 50
258 2 0 2 3 159 162 49
259 2 0 2 3 50 165 51
260 2 0 2 3 162 165 50
261 2 0 2 3 157 160 158
262 2 0 2 3 158 161 159
263 2 0 2 3 158 160 161
264 2 0 2 3 159 161 162
265 2 0 2 3 160 163 161
266 2 0 2 3 161 164 162
267 2 0 2 3 161 163 164
268 2 0 2 3 162 164 165
269 2 0 3 3 1 49 22
270 2 0 3 3 30 190 3
271 2 0 3 3 190 52 3
272 2 0 3 3 51 6 168
273 2 0 3 3 6 55 168
274 2 0 3 3 63 7 54
275 2 0 3 3 22 166 23
276 2 0 3 3 49 166 22
277 2 0 3 3 23 169 24
278 2 0 3 3 166 169 23
279 2 0 3 3 24 172 25
280 2 0 3 3 169 172 24
281 2 0 3 3 25 175 26
282 2 0 3 3 172 175 25
283 2 0 3 3 26 178 27
284 2 0 3 3 175 178 26
285 2 0 3 3 27 181 28
286 2 0 3 3 178 181 27
287 2 0 3 3 28 184 29
288 2 0 3 3 181 184 28
289 2 0 3 3 29 187 30
290 2 0 3 3 184 187 29
291 2 0 3 3 187 190 30
292 2 0 3 3 49 50 166
293 2 0 3 3 50 51 167
294 2 0 3 3 50 167 166
295 2 0 3 3 51 168 167
296 2 0 3 3 191 53 52
297 2 0 3 3 190 191 52
298 2 0 3 3 192 54 53
299 2 0 3 3 191 192 53
300 2 0 3 3 192 63 54
301 2 0 3 3 55 56 171
302 2 0 3 3 168 55 171
303 2 0 3 3 56 57 174
304 2 0 3 3 171 56 174
305 2 0 3 3 57 58 177
306 2 0 3 3 174 57 177
307 2 0 3 3 58 59 180
308 2 0 3 3 177 58 180
309 2 0 3 3 59 60 183
310 2 0 3 3 180 59 183
311 2 0 3 3 60 61 186
312 2 0 3 3 183 60 186
313 2 0 3 3 61 62 189
314 2 0 3 3 186 61 189
315 2 0 3 3 62 63 192
316 2 0 3 3 189 62 192
317 2 0 3 3 166 167 169
318 2 0 3 3 167 168 170
319 2 0 3 3 167 170 169
320 2 0 3 3 168 171 170
321 2 0 3 3 169 170 172
322 2 0 3 3 170 171 173
323 2 0 3 3 170 173 172
324 2 0 3 3 171 174 173
325 2 0 3 3 172 173 175
326 2 0 3 3 173 174 176
327 2 0 3 3 173 176 175
328 2 0 3 3 174 177 176
329 2 0 3 3 175 176 178
330 2 0 3 3 176 177 179
331 2 0 3 3 176 179 178
332 2 0 3 3 177 180 179
333 2 0 3 3 178 179 181
334 2 0 3 3 179 180 182
335 2 0 3 3 179 182 181
336 2 0 3 3 180 183 182
337 2 0 3 3 181 182 184
338 2 0 3 3 182 183 185
339 2 0 3 3 182 185 184
340 2 0 3 3 183 186 185
341 2 0 3 3 184 185 187
342 2 0 3 3 185 186 188
343 2 0 3 3 185 188 187
344 2 0 3 3 186 189 188
345 2 0 3 3 187 188 190
346 2 0 3 3 188 189 191
347 2 0 3 3 188 191 190
348 2 0 3 3 189 192 191
349 2 0 4 3 33 3 195
350 2 0 4 3 3 52 195
351 2 0 4 3 4 31 64
352 2 0 4 3 54 7 69
353 2 0 4 3 66 199 8
354 2 0 4 3 199 67 8
355 2 0 4 3 31 32 193
356 2 0 4 3 31 193 64
357 2 0 4 3 32 33 194
358 2 0 4 3 32 194 193
359 2 0 4 3 33 195 194
360 2 0 4 3 52 53 198
361 2 0 4 3 195 52 198
362 2 0 4 3 53 54 201
363 2 0 4 3 198 53 201
364 2 0 4 3 201 54 69
365 2 0 4 3 64 193 65
366 2 0 4 3 65 196 66
367 2 0 4 3 193 196 65
368 2 0 4 3 196 199 66
369 2 0 4 3 200 68 67
370 2 0 4 3 199 200 67
371 2 0 4 3 201 69 68
372 2 0 4 3 200 201 68
373 2 0 4 3 193 194 196
374 2 0 4 3 194 195 197
375 2 0 4 3 194 197 196
376 2 0 4 3 195 198 197
377 2 0 4 3 196 197 199
378 2 0 4 3 197 198 200
379 2 0 4 3 197 200 199
380 2 0 4 3 198 201 200
381 2 0 5 3 2 34 43
382 2 0 5 3 42 4 226
383 2 0 5 3 226 4 64
384 2 0 5 3 45 204 5
385 2 0 5 3 5 204 70
386 2 0 5 3 78 66 8
387 2 0 5 3 34 35 202
388 2 0 5 3 43 34 202
389 2 0 5 3 35 36 205
390 2 0 5 3 202 35 205
391 2 0 5 3 36 37 208
392 2 0 5 3 205 36 208
393 2 0 5 3 37 38 211
394 2 0 5 3 208 37 211
395 2 0 5 3 38 39 214
396 2 0 5 3 211 38 214
397 2 0 5 3 39 40 217
398 2 0 5 3 214 39 217
399 2 0 5 3 40 41 220
400 2 0 5 3 217 40 220
401 2 0 5 3 41 42 223
402 2 0 5 3 220 41 223
403 2 0 5 3 223 42 226
404 2 0 5 3 43 202 44
405 2 0 5 3 44 203 45
406 2 0 5 3 44 202 203
407 2 0 5 3 45 203 204
408 2 0 5 3 227 64 65
409 2 0 5 3 226 64 227
410 2 0 5 3 228 65 66
411 2 0 5 3 227 65 228
412 2 0 5 3 228 66 78
413 2 0 5 3 70 207 71
414 2 0 5 3 204 207 70
415 2 0 5 3 71 210 72
416 2 0 5 3 207 210 71
417 2 0 5 3 72 213 73
418 2 0 5 3 210 213 72
419 2 0 5 3 73 216 74
420 2 0 5 3 213 216 73
421 2 0 5 3 74 219 75
422 2 0 5 3 216 219 74
423 2 0 5 3 75 222 76
424 2 0 5 3 219 222 75
425 2 0 5 3 76 225 77
426 2 0 5 3 222 225 76
427 2 0 5 3 77 228 78
428 2 0 5 3 225 228 77
429 2 0 5 3 202 205 203
430 2 0 5 3 203 206 204
431 2 0 5 3 203 205 206
432 2 0 5 3 204 206 207
433 2 0 5 3 205 208 206
434 2 0 5 3 206 209 207
435 2 0 5 3 206 208 209
436 2 0 5 3 207 209 210
437 2 0 5 3 208 211 209
438 2 0 5 3 209 212 210
439 2 0 5 3 209 211 212
440 2 0 5 3 210 212 213
441 2 0 5 3 211 214 212
442 2 0 5 3 212 215 213
443 2 0 5 3 212 214 215
444 2 0 5 3 213 215 216
445 2 0 5 3 214 217 215
446 2 0 5 3 215 218 216
447 2 0 5 3 215 217 218
448 2 0 5 3 216 218 219
449 2 0 5 3 217 220 218
450 2 0 5 3 218 221 219
451 2 0 5 3 218 220 221
452 2 0 5 3 219 221 222
453 2 0 5 3 220 223 221
454 2 0 5 3 221 224 222
455 2 0 5 3 221 223 224
456 2 0 5 3 222 224 225
457 2 0 5 3 223 226 224
458 2 0 5 3 224 227 225
459 2 0 5 3 224 226 227
460 2 0 5 3 225 227 228
461 2 0 6 3 5 70 46
462 2 0 6 3 48 247 6
463 2 0 6 3 247 55 6
464 2 0 6 3 69 7 63
465 2 0 6 3 8 67 237
466 2 0 6 3 78 8 237
467 2 0 6 3 46 229 47
468 2 0 6 3 70 229 46
469 2 0 6 3 47 238 48
470 2 0 6 3 229 238 47
471 2 0 6 3 238 247 48
472 2 0 6 3 248 56 55
473 2 0 6 3 247 248 55
474 2 0 6 3 249 57 56
475 2 0 6 3 248 249 56
476 2 0 6 3 250 58 57
477 2 0 6 3 249 250 57
478 2 0 6 3 251 59 58
479 2 0 6 3 250 251 58
480 2 0 6 3 252 60 59
481 2 0 6 3 251 252 59
482 2 0 6 3 253 61 60
483 2 0 6 3 252 253 60
484 2 0 6 3 254 62 61
485 2 0 6 3 253 254 61
486 2 0 6 3 255 63 62
487 2 0 6 3 254 255 62
488 2 0 6 3 255 69 63
489 2 0 6 3 67 68 246
490 2 0 6 3 237 67 246
491 2 0 6 3 68 69 255
492 2 0 6 3 246 68 255
493 2 0 6 3 70 71 229
494 2 0 6 3 71 72 230
495 2 0 6 3 71 230 229
496 2 0 6 3 72 73 231
497 2 0 6 3 72 231 230
498 2 0 6 3 73 74 232
499 2 0 6 3 73 232 231
500 2 0 6 3 74 75 233
501 2 0 6 3 74 233 232
502 2 0 6 3 75 76 234
503 2 0 6 3 75 234 233
504 2 0 6 3 76 77 235
505 2 0 6 3 76 235 234
506 2 0 6 3 77 78 236
507 2 0 6 3 77 236 235
508 2 0 6 3 78 237 236
509 2 0 6 3 229 230 238
510 2 0 6 3 230 231 239
511 2 0 6 3 230 239 238
512 2 0 6 3 231 232 240
513 2 0 6 3 231 240 239
514 2 0 6 3 232 233 241
515 2 0 6 3 232 241 240
516 2 0 6 3 233 234 242
517 2 0 6 3 233 242 241
518 2 0 6 3 234 235 243
519 2 0 6 3 234 243 242
520 2 0 6 3 235 236 244
521 2 0 6 3 235 244 243
522 2 0 6 3 236 237 245
523 2 0 6 3 236 245 244
524 2 0 6 3 237 246 245
525 2 0 6 3 238 239 247
526 2 0 6 3 239 240 248
527 2 0 6 3 239 248 247
528 2 0 6 3 240 241 249
529 2 0 6 3 240 249 248
530 2 0 6 3 241 242 250
531 2 0 6 3 241 250 249
532 2 0 6 3 242 243 251
533 2 0 6 3 242 251 250
534 2 0 6 3 243 244 252
535 2 0 6 3 243 252 251
536 2 0 6 3 244 245 253
537 2 0 6 3 244 253 252
538 2 0 6 3 245 246 254
539 2 0 6 3 245 254 253
540 2 0 6 3 246 255 254
541 2 0 13 3 17 99 295
542 2 0 13 3 111 17 315
543 2 0 13 3 116 17 295
544 2 0 13 3 17 116 316
545 2 0 13 3 315 17 316
546 2 0 13 3 18 112 282
547 2 0 13 3 112 18 313
548 2 0 13 3 117 18 282
549 2 0 13 3 18 129 313
550 2 0 13 3 99 100 295
551 2 0 13 3 100 101 279
552 2 0 13 3 100 279 295
553 2 0 13 3 101 102 279
554 2 0 13 3 102 103 323
555 2 0 13 3 279 102 323
556 2 0 13 3 103 104 273
557 2 0 13 3 103 273 323
558 2 0 13 3 104 105 307
559 2 0 13 3 273 104 307
560 2 0 13 3 105 106 277
561 2 0 13 3 105 277 307
562 2 0 13 3 106 107 297
563 2 0 13 3 277 106 297
564 2 0 13 3 107 108 274
565 2 0 13 3 107 274 297
566 2 0 13 3 108 109 318
567 2 0 13 3 274 108 318
568 2 0 13 3 109 110 278
569 2 0 13 3 109 278 318
570 2 0 13 3 110 111 315
571 2 0 13 3 278 110 315
572 2 0 13 3 113 112 310
573 2 0 13 3 112 113 321
574 2 0 13 3 282 112 287
575 2 0 13 3 287 112 320
576 2 0 13 3 112 299 310
577 2 0 13 3 299 112 313
578 2 0 13 3 320 112 321
579 2 0 13 3 113 114 270
580 2 0 13 3 114 113 311
581 2 0 13 3 113 270 284
582 2 0 13 3 113 284 321
583 2 0 13 3 113 310 311
584 2 0 13 3 114 115 327
585 2 0 13 3 115 114 329
586 2 0 13 3 270 114 288
587 2 0 13 3 288 114 327
588 2 0 13 3 114 311 312
589 2 0 13 3 114 312 317
590 2 0 13 3 114 317 329
591 2 0 13 3 116 115 272
592 2 0 13 3 115 116 286
593 2 0 13 3 272 115 328
594 2 0 13 3 115 286 327
595 2 0 13 3 328 115 329
596 2 0 13 3 116 272 324
597 2 0 13 3 116 283 293
598 2 0 13 3 283 116 324
599 2 0 13 3 286 116 289
600 2 0 13 3 289 116 295
601 2 0 13 3 116 293 316
602 2 0 13 3 118 117 282
603 2 0 13 3 119 118 282
604 2 0 13 3 120 119 282
605 2 0 13 3 121 120 281
606 2 0 13 3 281 120 282
607 2 0 13 3 122 121 319
608 2 0 13 3 121 281 319
609 2 0 13 3 123 122 276
610 2 0 13 3 276 122 319
611 2 0 13 3 124 123 308
612 2 0 13 3 123 276 308
613 2 0 13 3 125 124 271
614 2 0 13 3 271 124 308
615 2 0 13 3 126 125 314
616 2 0 13 3 125 271 314
617 2 0 13 3 127 126 275
618 2 0 13 3 275 126 314
619 2 0 13 3 128 127 313
620 2 0 13 3 127 275 313
621 2 0 13 3 129 128 313
622 2 0 13 3 284 270 311
623 2 0 13 3 270 288 312
624 2 0 13 3 311 270 312
625 2 0 13 3 271 308 309
626 2 0 13 3 271 309 326
627 2 0 13 3 314 271 326
628 2 0 13 3 272 290 324
629 2 0 13 3 290 272 325
630 2 0 13 3 325 272 328
631 2 0 13 3 273 298 306
632 2 0 13 3 298 273 307
633 2 0 13 3 273 306 323
634 2 0 13 3 297 274 303
635 2 0 13 3 303 274 304
636 2 0 13 3 304 274 318
637 2 0 13 3 275 305 313
638 2 0 13 3 305 275 326
639 2 0 13 3 275 314 326
640 2 0 13 3 308 276 330
641 2 0 13 3 276 319 330
642 2 0 13 3 296 277 297
643 2 0 13 3 277 296 298
644 2 0 13 3 277 298 307
645 2 0 13 3 304 278 316
646 2 0 13 3 278 304 318
647 2 0 13 3 278 315 316
648 2 0 13 3 295 279 306
649 2 0 13 3 306 279 323
650 2 0 13 3 280 286 325
651 2 0 13 3 286 280 327
652 2 0 13 3 288 280 317
653 2 0 13 3 280 288 327
654 2 0 13 3 317 280 329
655 2 0 13 3 280 325 328
656 2 0 13 3 280 328 329
657 2 0 13 3 281 282 287
658 2 0 13 3 281 287 302
659 2 0 13 3 281 302 319
660 2 0 13 3 283 290 291
661 2 0 13 3 290 283 324
662 2 0 13 3 283 291 292
663 2 0 13 3 283 292 293
664 2 0 13 3 310 284 311
665 2 0 13 3 284 310 322
666 2 0 13 3 321 284 322
667 2 0 13 3 285 299 300
668 2 0 13 3 299 285 310
669 2 0 13 3 285 300 301
670 2 0 13 3 285 301 322
671 2 0 13 3 310 285 322
672 2 0 13 3 286 289 290
673 2 0 13 3 286 290 325
674 2 0 13 3 302 287 320
675 2 0 13 3 312 288 317
676 2 0 13 3 290 289 291
677 2 0 13 3 291 289 294
678 2 0 13 3 294 289 295
679 2 0 13 3 292 291 296
680 2 0 13 3 291 294 298
681 2 0 13 3 296 291 298
682 2 0 13 3 293 292 304
683 2 0 13 3 292 296 303
684 2 0 13 3 292 303 304
685 2 0 13 3 293 304 316
686 2 0 13 3 294 295 306
687 2 0 13 3 298 294 306
688 2 0 13 3 296 297 303
689 2 0 13 3 300 299 305
690 2 0 13 3 305 299 313
691 2 0 13 3 301 300 302
692 2 0 13 3 302 300 330
693 2 0 13 3 300 305 326
694 2 0 13 3 309 300 326
695 2 0 13 3 300 309 330
696 2 0 13 3 301 302 320
697 2 0 13 3 301 320 321
698 2 0 13 3 301 321 322
699 2 0 13 3 319 302 330
700 2 0 13 3 309 308 330
701 2 0 14 3 99 17 336
702 2 0 14 3 17 111 345
703 2 0 14 3 336 17 345
704 2 0 14 3 100 99 344
705 2 0 14 3 99 336 344
706 2 0 14 3 101 100 334
707 2 0 14 3 334 100 344
708 2 0 14 3 102 101 342
709 2 0 14 3 101 334 342
710 2 0 14 3 103 102 342
711 2 0 14 3 104 103 332
712 2 0 14 3 332 103 342
713 2 0 14 3 105 104 346
714 2 0 14 3 104 332 346
715 2 0 14 3 106 105 335
716 2 0 14 3 335 105 346
717 2 0 14 3 107 106 337
718 2 0 14 3 106 335 337
719 2 0 14 3 108 107 333
720 2 0 14 3 333 107 337
721 2 0 14 3 109 108 343
722 2 0 14 3 108 333 343
723 2 0 14 3 110 109 347
724 2 0 14 3 109 343 347
725 2 0 14 3 111 110 331
726 2 0 14 3 331 110 347
727 2 0 14 3 111 331 345
728 2 0 14 3 336 331 341
729 2 0 14 3 331 336 345
730 2 0 14 3 331 340 341
731 2 0 14 3 340 331 347
732 2 0 14 3 335 332 338
733 2 0 14 3 332 335 346
734 2 0 14 3 338 332 339
735 2 0 14 3 339 332 342
736 2 0 14 3 335 333 337
737 2 0 14 3 333 335 338
738 2 0 14 3 333 338 340
739 2 0 14 3 333 340 343
740 2 0 14 3 334 336 341
741 2 0 14 3 336 334 344
742 2 0 14 3 339 334 341
743 2 0 14 3 334 339 342
744 2 0 14 3 338 339 341
745 2 0 14 3 340 338 341
746 2 0 14 3 343 340 347
747 2 0 15 3 117 353 18
748 2 0 15 3 18 362 129
749 2 0 15 3 353 362 18
750 2 0 15 3 118 361 117
751 2 0 15 3 117 361 353
752 2 0 15 3 119 351 118
753 2 0 15 3 351 361 118
754 2 0 15 3 120 359 119
755 2 0 15 3 119 359 351
756 2 0 15 3 121 359 120
757 2 0 15 3 122 349 121
758 2 0 15 3 349 359 121
759 2 0 15 3 123 363 122
760 2 0 15 3 122 363 349
761 2 0 15 3 124 352 123
762 2 0 15 3 352 363 123
763 2 0 15 3 125 354 124
764 2 0 15 3 124 354 352
765 2 0 15 3 126 350 125
766 2 0 15 3 350 354 125
767 2 0 15 3 127 360 126
768 2 0 15 3 126 360 350
769 2 0 15 3 128 364 127
770 2 0 15 3 127 364 360
771 2 0 15 3 129 348 128
772 2 0 15 3 348 364 128
773 2 0 15 3 129 362 348
774 2 0 15 3 353 358 348
775 2 0 15 3 348 362 353
776 2 0 15 3 348 358 357
777 2 0 15 3 357 364 348
778 2 0 15 3 352 355 349
779 2 0 15 3 349 363 352
780 2 0 15 3 355 356 349
781 2 0 15 3 356 359 349
782 2 0 15 3 352 354 350
783 2 0 15 3 350 355 352
784 2 0 15 3 350 357 355
785 2 0 15 3 350 360 357
786 2 0 15 3 351 358 353
787 2 0 15 3 353 361 351
788 2 0 15 3 356 358 351
789 2 0 15 3 351 359 356
790 2 0 15 3 355 358 356
791 2 0 15 3 357 358 355
792 2 0 15 3 360 364 357
793 3 0 7 4 10 84 256 79
794 3 0 7 4 84 85 257 256
795 3 0 7 4 85 86 258 257
796 3 0 7 4 86 12 83 258
797 3 0 7 4 79 256 80 9
798 3 0 7 4 256 257 81 80
799 3 0 7 4 257 258 82 81
800 3 0 7 4 258 83 11 82
801 3 0 8 4 10 79 259 87
802 3 0 8 4 79 9 89 259
803 3 0 8 4 87 259 88 13
804 3 0 8 4 259 89 14 88
805 3 0 9 4 9 80 260 89
806 3 0 9 4 89 260 91 14
807 3 0 9 4 80 81 261 260
808 3 0 9 4 260 261 92 91
809 3 0 9 4 81 82 262 261
810 3 0 9 4 261 262 93 92
811 3 0 9 4 82 11 90 262
812 3 0 9 4 262 90 15 93
813 3 0 10 4 12 94 263 83
814 3 0 10 4 83 263 90 11
815 3 0 10 4 94 16 95 263
816 3 0 10 4 263 95 15 90
817 3 0 11 4 10 87 264 84
818 3 0 11 4 87 13 96 264
819 3 0 11 4 84 264 265 85
820 3 0 11 4 264 96 97 265
821 3 0 11 4 85 265 266 86
822 3 0 11 4 265 97 98 266
823 3 0 11 4 86 266 94 12
824 3 0 11 4 266 98 16 94
825 3 0 12 4 13 88 267 96
826 3 0 12 4 96 267 268 97
827 3 0 12 4 97 268 269 98
828 3 0 12 4 98 269 95 16
829 3 0 12 4 88 14 91 267
830 3 0 12 4 267 91 92 268
831 3 0 12 4 268 92 93 269
832 3 0 12 4 269 93 15 95
833 4 0 4 4 275 126 127 391
834 4 0 4 4 348 362 129 188
835 4 0 4 4 224 17 111 345
836 4 0 4 4 76 222 75 367
837 4 0 4 4 219 75 222 367
838 4 0 4 4 225 76 77 366
839 4 0 4 4 222 76 225 366
840 4 0 4 4 25 152 26 365
841 4 0 4 4 25 151 152 365
842 4 0 4 4 462 95 263 402
843 4 0 4 4 224 104 346 105
844 4 0 4 4 299 310 285 391
845 4 0 4 4 110 224 111 331
846 4 0 4 4 199 374 381 405
847 4 0 4 4 90 263 460 404
848 4 0 4 4 90 462 263 404
849 4 0 4 4 284 321 322 384
850 4 0 4 4 97 209 265 468
851 4 0 4 4 265 467 209 85
852 4 0 4 4 261 456 173 92
853 4 0 4 4 173 81 455 261
854 4 0 4 4 85 257 441 141
855 4 0 4 4 268 240 97 473
856 4 0 4 4 445 141 257 81
857 4 0 4 4 268 477 92 240
858 4 0 4 4 321 384 270 388
859 4 0 4 4 83 258 143 442
860 4 0 4 4 269 95 242 474
861 4 0 4 4 258 83 143 446
862 4 0 4 4 95 269 242 478
863 4 0 4 4 266 94 215 469
864 4 0 4 4 94 266 215 470
865 4 0 4 4 90 262 179 457
866 4 0 4 4 262 90 179 458
867 4 0 4 4 348 357 358 188
868 4 0 4 4 340 224 331 341
869 4 0 4 4 86 442 12 134
870 4 0 4 4 12 469 86 214
871 4 0 4 4 98 233 16 474
872 4 0 4 4 11 178 82 457
873 4 0 4 4 16 98 470 216
874 4 0 4 4 15 458 93 180
875 4 0 4 4 15 93 478 251
876 4 0 4 4 446 11 152 82
877 4 0 4 4 224 335 346 332
878 4 0 4 4 352 363 349 188
879 4 0 4 4 289 291 294 374
880 4 0 4 4 113 321 270 388
881 4 0 4 4 123 122 363 188
882 4 0 4 4 321 284 270 384
883 4 0 4 4 129 362 18 188
884 4 0 4 4 286 327 280 405
885 4 0 4 4 327 288 280 405
886 4 0 4 4 140 10 439 79
887 4 0 4 4 13 206 87 464
888 4 0 4 4 206 463 10 87
889 4 0 4 4 88 475 14 239
890 4 0 4 4 443 9 140 79
891 4 0 4 4 88 13 471 239
892 4 0 4 4 170 9 451 89
893 4 0 4 4 452 14 170 89
894 4 0 4 4 170 9 89 425
895 4 0 4 4 206 13 87 427
896 4 0 4 4 352 349 355 188
897 4 0 4 4 224 335 332 338
898 4 0 4 4 341 340 224 338
899 4 0 4 4 355 358 357 188
900 4 0 4 4 119 191 118 188
901 4 0 4 4 289 290 291 374
902 4 0 4 4 383 412 382 423
903 4 0 4 4 11 179 90 380
904 4 0 4 4 94 215 12 379
905 4 0 4 4 461 263 403 404
906 4 0 4 4 462 402 263 404
907 4 0 4 4 327 115 114 429
908 4 0 4 4 129 128 348 188
909 4 0 4 4 224 100 101 227
910 4 0 4 4 331 110 224 347
911 4 0 4 4 234 16 403 416
912 4 0 4 4 15 252 402 415
913 4 0 4 4 114 288 327 388
914 4 0 4 4 79 9 139 395
915 4 0 4 4 203 87 10 394
916 4 0 4 4 238 88 13 396
917 4 0 4 4 167 89 14 397
918 4 0 4 4 377 379 373 406
919 4 0 4 4 469 215 12 94
920 4 0 4 4 15 179 90 458
921 4 0 4 4 83 12 442 143
922 4 0 4 4 94 215 16 470
923 4 0 4 4 242 478 15 95
924 4 0 4 4 179 457 11 90
925 4 0 4 4 95 16 242 474
926 4 0 4 4 143 83 11 446
927 4 0 4 4 280 325 286 374
928 4 0 4 4 292 293 304 407
929 4 0 4 4 454 261 173 92
930 4 0 4 4 440 257 85 141
931 4 0 4 4 465 265 209 85
932 4 0 4 4 265 209 97 466
933 4 0 4 4 444 257 141 81
934 4 0 4 4 453 81 173 261
935 4 0 4 4 92 476 268 240
936 4 0 4 4 97 240 268 472
937 4 0 4 4 301 322 321 399
938 4 0 4 4 241 93 478 269
939 4 0 4 4 446 142 258 82
940 4 0 4 4 269 241 98 474
941 4 0 4 4 98 212 266 470
942 4 0 4 4 458 176 262 93
943 4 0 4 4 266 469 212 86
944 4 0 4 4 86 258 442 142
945 4 0 4 4 82 262 457 176
946 4 0 4 4 116 286 289 385
947 4 0 4 4 288 114 270 388
948 4 0 4 4 284 384 322 413
949 4 0 4 4 357 348 364 188
950 4 0 4 4 347 224 331 340
951 4 0 4 4 291 374 290 432
952 4 0 4 4 128 364 348 188
953 4 0 4 4 94 12 459 379
954 4 0 4 4 460 11 90 380
955 4 0 4 4 377 402 263 403
956 4 0 4 4 308 124 271 434
957 4 0 4 4 255 376 384 413
958 4 0 4 4 298 294 291 375
959 4 0 4 4 273 307 104 375
960 4 0 4 4 377 406 373 437
961 4 0 4 4 121 281 120 399
962 4 0 4 4 288 381 280 405
963 4 0 4 4 449 13 88 396
964 4 0 4 4 10 87 447 394
965 4 0 4 4 79 448 9 395
966 4 0 4 4 14 89 450 397
967 4 0 4 4 257 258 441 142
968 4 0 4 4 257 258 142 445
969 4 0 4 4 261 262 176 456
970 4 0 4 4 266 265 467 212
971 4 0 4 4 269 268 473 241
972 4 0 4 4 266 265 212 468
973 4 0 4 4 262 261 176 455
974 4 0 4 4 269 268 241 477
975 4 0 4 4 98 97 468 213
976 4 0 4 4 86 85 441 133
977 4 0 4 4 82 151 445 81
978 4 0 4 4 82 81 455 175
979 4 0 4 4 92 456 177 93
980 4 0 4 4 97 232 98 473
981 4 0 4 4 467 211 85 86
982 4 0 4 4 477 93 92 250
983 4 0 4 4 255 384 392 413
984 4 0 4 4 16 95 242 403
985 4 0 4 4 242 95 15 402
986 4 0 4 4 377 412 243 437
987 4 0 4 4 373 412 383 423
988 4 0 4 4 184 412 380 423
989 4 0 4 4 79 256 140 443
990 4 0 4 4 89 260 170 452
991 4 0 4 4 260 89 170 451
992 4 0 4 4 256 79 140 439
993 4 0 4 4 264 87 463 206
994 4 0 4 4 88 267 239 471
995 4 0 4 4 264 87 206 464
996 4 0 4 4 267 88 239 475
997 4 0 4 4 270 114 113 388
998 4 0 4 4 270 288 381 436
999 4 0 4 4 288 317 280 381
1000 4 0 4 4 205 10 463 84
1001 4 0 4 4 451 80 9 169
1002 4 0 4 4 9 149 80 443
1003 4 0 4 4 13 96 207 464
1004 4 0 4 4 10 131 439 84
1005 4 0 4 4 14 475 91 248
1006 4 0 4 4 13 96 471 230
1007 4 0 4 4 452 171 14 91
1008 4 0 4 4 184 382 412 423
1009 4 0 4 4 104 227 103 398
1010 4 0 4 4 262 176 456 93
1011 4 0 4 4 455 262 82 176
1012 4 0 4 4 241 477 93 269
1013 4 0 4 4 266 212 467 86
1014 4 0 4 4 86 441 258 142
1015 4 0 4 4 445 258 142 82
1016 4 0 4 4 98 241 269 473
1017 4 0 4 4 266 212 98 468
1018 4 0 4 4 321 384 388 399
1019 4 0 4 4 319 281 121 399
1020 4 0 4 4 243 406 377 437
1021 4 0 4 4 292 283 293 407
1022 4 0 4 4 123 363 352 188
1023 4 0 4 4 199 374 237 381
1024 4 0 4 4 448 424 259 426
1025 4 0 4 4 184 383 382 423
1026 4 0 4 4 298 307 273 375
1027 4 0 4 4 275 314 126 434
1028 4 0 4 4 335 224 346 105
1029 4 0 4 4 377 403 263 404
1030 4 0 4 4 263 402 377 404
1031 4 0 4 4 288 388 270 405
1032 4 0 4 4 101 102 224 227
1033 4 0 4 4 286 386 327 405
1034 4 0 4 4 373 433 406 438
1035 4 0 4 4 308 271 309 434
1036 4 0 4 4 264 265 209 465
1037 4 0 4 4 257 256 141 440
1038 4 0 4 4 261 260 173 453
1039 4 0 4 4 265 264 209 466
1040 4 0 4 4 256 257 141 444
1041 4 0 4 4 260 261 173 454
1042 4 0 4 4 268 267 472 240
1043 4 0 4 4 268 267 240 476
1044 4 0 4 4 329 280 317 387
1045 4 0 4 4 113 311 310 410
1046 4 0 4 4 383 417 389 438
1047 4 0 4 4 378 406 373 433
1048 4 0 4 4 81 80 453 172
1049 4 0 4 4 97 96 231 472
1050 4 0 4 4 440 85 84 132
1051 4 0 4 4 85 208 465 84
1052 4 0 4 4 150 444 81 80
1053 4 0 4 4 174 454 92 91
1054 4 0 4 4 466 97 96 210
1055 4 0 4 4 92 91 476 249
1056 4 0 4 4 255 384 381 392
1057 4 0 4 4 107 106 297 371
1058 4 0 4 4 200 381 384 405
1059 4 0 4 4 286 280 374 405
1060 4 0 4 4 286 374 385 405
1061 4 0 4 4 86 12 214 134
1062 4 0 4 4 178 152 11 82
1063 4 0 4 4 16 233 98 216
1064 4 0 4 4 15 93 251 180
1065 4 0 4 4 309 330 308 419
1066 4 0 4 4 191 119 120 188
1067 4 0 4 4 199 381 200 405
1068 4 0 4 4 113 114 408 417
1069 4 0 4 4 243 403 377 406
1070 4 0 4 4 104 103 273 398
1071 4 0 4 4 123 122 188 418
1072 4 0 4 4 181 380 11 422
1073 4 0 4 4 229 396 13 427
1074 4 0 4 4 9 148 395 425
1075 4 0 4 4 355 357 350 188
1076 4 0 4 4 340 333 224 338
1077 4 0 4 4 297 296 303 432
1078 4 0 4 4 113 114 311 408
1079 4 0 4 4 382 383 373 412
1080 4 0 4 4 193 385 386 421
1081 4 0 4 4 15 462 90 415
1082 4 0 4 4 94 461 16 416
1083 4 0 4 4 187 18 117 188
1084 4 0 4 4 288 327 388 405
1085 4 0 4 4 373 383 368 414
1086 4 0 4 4 83 11 460 422
1087 4 0 4 4 364 360 357 188
1088 4 0 4 4 224 347 343 340
1089 4 0 4 4 214 134 12 428
1090 4 0 4 4 286 325 290 374
1091 4 0 4 4 224 223 17 99
1092 4 0 4 4 284 270 384 436
1093 4 0 4 4 286 385 386 405
1094 4 0 4 4 325 374 280 387
1095 4 0 4 4 243 402 377 403
1096 4 0 4 4 242 95 402 403
1097 4 0 4 4 14 167 170 89
1098 4 0 4 4 238 13 88 239
1099 4 0 4 4 139 140 9 79
1100 4 0 4 4 10 203 206 87
1101 4 0 4 4 373 406 379 438
1102 4 0 4 4 373 408 383 414
1103 4 0 4 4 270 388 384 405
1104 4 0 4 4 381 384 270 436
1105 4 0 4 4 90 460 380 404
1106 4 0 4 4 373 379 377 423
1107 4 0 4 4 305 300 326 434
1108 4 0 4 4 102 101 279 398
1109 4 0 4 4 286 115 327 386
1110 4 0 4 4 286 116 115 386
1111 4 0 4 4 196 385 374 405
1112 4 0 4 4 10 79 140 430
1113 4 0 4 4 88 239 14 431
1114 4 0 4 4 312 317 288 436
1115 4 0 4 4 347 110 224 109
1116 4 0 4 4 102 103 224 227
1117 4 0 4 4 335 224 333 338
1118 4 0 4 4 355 350 352 188
1119 4 0 4 4 373 377 412 423
1120 4 0 4 4 445 150 141 81
1121 4 0 4 4 97 240 231 473
1122 4 0 4 4 467 208 209 85
1123 4 0 4 4 249 92 477 240
1124 4 0 4 4 468 97 209 210
1125 4 0 4 4 132 85 441 141
1126 4 0 4 4 173 455 81 172
1127 4 0 4 4 456 174 173 92
1128 4 0 4 4 179 90 380 415
1129 4 0 4 4 94 215 379 416
1130 4 0 4 4 172 455 81 175
1131 4 0 4 4 177 174 456 92
1132 4 0 4 4 97 231 232 473
1133 4 0 4 4 249 477 92 250
1134 4 0 4 4 151 150 445 81
1135 4 0 4 4 97 468 213 210
1136 4 0 4 4 132 441 85 133
1137 4 0 4 4 467 211 208 85
1138 4 0 4 4 448 395 79 424
1139 4 0 4 4 449 396 88 426
1140 4 0 4 4 327 386 115 429
1141 4 0 4 4 321 388 393 399
1142 4 0 4 4 237 374 370 381
1143 4 0 4 4 184 380 181 423
1144 4 0 4 4 110 315 111 401
1145 4 0 4 4 354 352 350 188
1146 4 0 4 4 337 335 224 333
1147 4 0 4 4 280 381 374 405
1148 4 0 4 4 115 386 116 390
1149 4 0 4 4 233 16 234 416
1150 4 0 4 4 251 252 15 415
1151 4 0 4 4 233 216 16 416
1152 4 0 4 4 180 251 15 415
1153 4 0 4 4 373 382 368 383
1154 4 0 4 4 368 382 373 412
1155 4 0 4 4 274 318 108 407
1156 4 0 4 4 181 380 153 423
1157 4 0 4 4 328 280 329 387
1158 4 0 4 4 178 181 11 422
1159 4 0 4 4 373 406 378 437
1160 4 0 4 4 178 11 152 422
1161 4 0 4 4 389 408 383 438
1162 4 0 4 4 408 414 373 435
1163 4 0 4 4 392 413 384 436
1164 4 0 4 4 373 412 377 437
1165 4 0 4 4 383 408 389 417
1166 4 0 4 4 123 352 124 188
1167 4 0 4 4 114 388 327 429
1168 4 0 4 4 311 383 408 414
1169 4 0 4 4 187 117 190 188
1170 4 0 4 4 310 285 391 414
1171 4 0 4 4 286 290 289 374
1172 4 0 4 4 83 12 143 428
1173 4 0 4 4 103 104 224 227
1174 4 0 4 4 318 304 278 407
1175 4 0 4 4 297 274 107 371
1176 4 0 4 4 196 386 385 405
1177 4 0 4 4 318 278 109 407
1178 4 0 4 4 326 275 305 434
1179 4 0 4 4 394 424 161 426
1180 4 0 4 4 161 424 397 426
1181 4 0 4 4 278 110 109 401
1182 4 0 4 4 224 226 223 99
1183 4 0 4 4 220 372 389 438
1184 4 0 4 4 357 360 350 188
1185 4 0 4 4 343 333 224 340
1186 4 0 4 4 380 412 377 423
1187 4 0 4 4 280 381 317 387
1188 4 0 4 4 136 389 417 438
1189 4 0 4 4 236 370 366 378
1190 4 0 4 4 113 112 321 393
1191 4 0 4 4 252 251 15 402
1192 4 0 4 4 233 234 16 403
1193 4 0 4 4 377 406 403 416
1194 4 0 4 4 154 383 184 423
1195 4 0 4 4 121 191 120 188
1196 4 0 4 4 448 9 395 425
1197 4 0 4 4 13 396 449 427
1198 4 0 4 4 224 335 106 105
1199 4 0 4 4 377 402 380 404
1200 4 0 4 4 379 403 377 404
1201 4 0 4 4 295 116 289 385
1202 4 0 4 4 303 274 297 371
1203 4 0 4 4 25 26 175 365
1204 4 0 4 4 178 175 26 365
1205 4 0 4 4 234 76 75 367
1206 4 0 4 4 235 76 234 367
1207 4 0 4 4 236 77 235 366
1208 4 0 4 4 77 76 235 366
1209 4 0 4 4 381 392 384 436
1210 4 0 4 4 284 384 413 436
1211 4 0 4 4 127 128 313 411
1212 4 0 4 4 15 402 462 415
1213 4 0 4 4 461 403 16 416
1214 4 0 4 4 16 215 94 416
1215 4 0 4 4 90 179 15 415
1216 4 0 4 4 370 381 374 387
1217 4 0 4 4 193 385 196 386
1218 4 0 4 4 124 352 354 188
1219 4 0 4 4 325 290 374 387
1220 4 0 4 4 200 381 246 384
1221 4 0 4 4 202 394 10 430
1222 4 0 4 4 14 168 397 431
1223 4 0 4 4 368 254 392 413
1224 4 0 4 4 274 304 318 407
1225 4 0 4 4 368 383 382 414
1226 4 0 4 4 83 143 11 422
1227 4 0 4 4 255 254 376 413
1228 4 0 4 4 113 311 383 408
1229 4 0 4 4 128 127 364 188
1230 4 0 4 4 317 381 288 436
1231 4 0 4 4 199 237 200 381
1232 4 0 4 4 322 384 321 399
1233 4 0 4 4 343 347 224 109
1234 4 0 4 4 403 406 234 416
1235 4 0 4 4 97 98 232 213
1236 4 0 4 4 211 85 86 133
1237 4 0 4 4 81 82 151 175
1238 4 0 4 4 177 92 93 250
1239 4 0 4 4 382 383 184 410
1240 4 0 4 4 286 385 116 386
1241 4 0 4 4 206 203 13 427
1242 4 0 4 4 170 167 9 425
1243 4 0 4 4 448 425 424 426
1244 4 0 4 4 225 366 370 378
1245 4 0 4 4 204 13 203 427
1246 4 0 4 4 167 166 9 425
1247 4 0 4 4 337 224 335 106
1248 4 0 4 4 255 392 254 413
1249 4 0 4 4 221 406 433 438
1250 4 0 4 4 370 236 381 387
1251 4 0 4 4 145 417 383 438
1252 4 0 4 4 379 404 377 423
1253 4 0 4 4 373 383 408 438
1254 4 0 4 4 378 381 236 387
1255 4 0 4 4 119 118 191 400
1256 4 0 4 4 238 88 396 431
1257 4 0 4 4 79 395 139 430
1258 4 0 4 4 152 151 446 82
1259 4 0 4 4 86 469 211 214
1260 4 0 4 4 442 86 133 134
1261 4 0 4 4 457 178 82 175
1262 4 0 4 4 232 233 98 474
1263 4 0 4 4 98 470 216 213
1264 4 0 4 4 93 458 177 180
1265 4 0 4 4 250 478 93 251
1266 4 0 4 4 122 191 121 188
1267 4 0 4 4 9 166 148 425
1268 4 0 4 4 204 229 13 427
1269 4 0 4 4 276 123 308 418
1270 4 0 4 4 87 394 203 427
1271 4 0 4 4 167 89 397 425
1272 4 0 4 4 79 10 447 430
1273 4 0 4 4 450 88 14 431
1274 4 0 4 4 218 379 406 438
1275 4 0 4 4 252 243 412 437
1276 4 0 4 4 373 435 414 437
1277 4 0 4 4 176 173 455 261
1278 4 0 4 4 209 212 467 265
1279 4 0 4 4 173 176 456 261
1280 4 0 4 4 240 268 241 473
1281 4 0 4 4 142 441 257 141
1282 4 0 4 4 209 212 265 468
1283 4 0 4 4 257 142 141 445
1284 4 0 4 4 240 268 477 241
1285 4 0 4 4 330 276 308 418
1286 4 0 4 4 179 11 178 380
1287 4 0 4 4 215 214 12 379
1288 4 0 4 4 394 161 396 426
1289 4 0 4 4 395 397 161 424
1290 4 0 4 4 379 423 135 428
1291 4 0 4 4 278 304 316 407
1292 4 0 4 4 131 10 205 84
1293 4 0 4 4 80 149 9 169
1294 4 0 4 4 207 96 13 230
1295 4 0 4 4 91 171 14 248
1296 4 0 4 4 12 459 379 428
1297 4 0 4 4 255 381 254 392
1298 4 0 4 4 284 113 321 270
1299 4 0 4 4 460 263 83 404
1300 4 0 4 4 83 263 459 404
1301 4 0 4 4 384 388 197 405
1302 4 0 4 4 246 200 237 381
1303 4 0 4 4 377 379 406 416
1304 4 0 4 4 291 296 298 409
1305 4 0 4 4 386 388 327 405
1306 4 0 4 4 254 381 245 392
1307 4 0 4 4 377 403 379 416
1308 4 0 4 4 380 402 377 415
1309 4 0 4 4 83 460 404 422
1310 4 0 4 4 184 185 380 412
1311 4 0 4 4 196 199 374 375
1312 4 0 4 4 101 227 100 421
1313 4 0 4 4 296 297 277 409
1314 4 0 4 4 371 378 370 432
1315 4 0 4 4 364 127 360 188
1316 4 0 4 4 244 378 406 437
1317 4 0 4 4 377 404 380 423
1318 4 0 4 4 142 258 442 143
1319 4 0 4 4 142 258 143 446
1320 4 0 4 4 242 241 269 474
1321 4 0 4 4 212 215 469 266
1322 4 0 4 4 262 457 176 179
1323 4 0 4 4 179 176 262 458
1324 4 0 4 4 242 241 478 269
1325 4 0 4 4 212 215 266 470
1326 4 0 4 4 15 95 462 402
1327 4 0 4 4 16 461 95 403
1328 4 0 4 4 470 98 212 213
1329 4 0 4 4 211 212 469 86
1330 4 0 4 4 98 241 232 474
1331 4 0 4 4 458 177 176 93
1332 4 0 4 4 175 82 457 176
1333 4 0 4 4 442 86 142 133
1334 4 0 4 4 446 151 142 82
1335 4 0 4 4 250 93 478 241
1336 4 0 4 4 115 386 390 417
1337 4 0 4 4 450 14 397 431
1338 4 0 4 4 10 394 447 430
1339 4 0 4 4 317 435 381 436
1340 4 0 4 4 154 181 153 423
1341 4 0 4 4 154 184 181 423
1342 4 0 4 4 113 321 388 393
1343 4 0 4 4 222 378 371 433
1344 4 0 4 4 317 329 387 435
1345 4 0 4 4 80 81 150 172
1346 4 0 4 4 84 85 208 132
1347 4 0 4 4 231 96 97 210
1348 4 0 4 4 91 92 174 249
1349 4 0 4 4 103 227 102 398
1350 4 0 4 4 243 244 406 437
1351 4 0 4 4 368 373 414 437
1352 4 0 4 4 181 178 11 380
1353 4 0 4 4 108 318 109 407
1354 4 0 4 4 227 196 193 385
1355 4 0 4 4 136 137 389 390
1356 4 0 4 4 170 89 167 425
1357 4 0 4 4 206 87 203 427
1358 4 0 4 4 380 377 412 415
1359 4 0 4 4 378 387 370 432
1360 4 0 4 4 317 387 381 435
1361 4 0 4 4 296 277 298 409
1362 4 0 4 4 394 395 161 424
1363 4 0 4 4 161 397 396 426
1364 4 0 4 4 182 380 185 412
1365 4 0 4 4 281 319 302 399
1366 4 0 4 4 115 417 114 429
1367 4 0 4 4 397 424 395 425
1368 4 0 4 4 394 426 396 427
1369 4 0 4 4 298 277 307 409
1370 4 0 4 4 122 276 319 418
1371 4 0 4 4 299 305 382 391
1372 4 0 4 4 200 246 201 384
1373 4 0 4 4 194 388 386 405
1374 4 0 4 4 196 374 199 405
1375 4 0 4 4 127 188 128 411
1376 4 0 4 4 246 381 255 384
1377 4 0 4 4 289 374 294 385
1378 4 0 4 4 235 366 222 378
1379 4 0 4 4 207 206 13 464
1380 4 0 4 4 149 9 140 443
1381 4 0 4 4 14 170 171 452
1382 4 0 4 4 248 14 475 239
1383 4 0 4 4 10 131 140 439
1384 4 0 4 4 205 463 10 206
1385 4 0 4 4 239 13 471 230
1386 4 0 4 4 169 9 451 170
1387 4 0 4 4 12 83 459 428
1388 4 0 4 4 203 10 202 394
1389 4 0 4 4 167 14 168 397
1390 4 0 4 4 238 13 229 396
1391 4 0 4 4 148 139 9 395
1392 4 0 4 4 383 410 382 414
1393 4 0 4 4 389 408 373 433
1394 4 0 4 4 380 422 153 423
1395 4 0 4 4 113 383 311 410
1396 4 0 4 4 137 390 386 417
1397 4 0 4 4 114 417 113 429
1398 4 0 4 4 275 326 314 434
1399 4 0 4 4 183 412 252 415
1400 4 0 4 4 10 130 131 202
1401 4 0 4 4 229 207 13 230
1402 4 0 4 4 247 14 171 248
1403 4 0 4 4 202 131 10 205
1404 4 0 4 4 166 149 169 9
1405 4 0 4 4 229 207 204 13
1406 4 0 4 4 14 171 168 247
1407 4 0 4 4 166 149 9 148
1408 4 0 4 4 384 399 322 413
1409 4 0 4 4 113 408 383 417
1410 4 0 4 4 159 395 166 425
1411 4 0 4 4 163 396 204 427
1412 4 0 4 4 300 391 285 413
1413 4 0 4 4 184 382 185 412
1414 4 0 4 4 126 314 125 434
1415 4 0 4 4 160 163 204 427
1416 4 0 4 4 159 166 162 425
1417 4 0 4 4 320 321 112 393
1418 4 0 4 4 383 373 423 438
1419 4 0 4 4 395 424 448 425
1420 4 0 4 4 396 426 449 427
1421 4 0 4 4 198 384 201 399
1422 4 0 4 4 312 311 114 408
1423 4 0 4 4 321 393 320 399
1424 4 0 4 4 307 277 105 409
1425 4 0 4 4 309 326 300 434
1426 4 0 4 4 379 423 373 438
1427 4 0 4 4 116 389 115 390
1428 4 0 4 4 134 442 12 143
1429 4 0 4 4 12 215 469 214
1430 4 0 4 4 458 15 179 180
1431 4 0 4 4 251 478 15 242
1432 4 0 4 4 470 215 16 216
1433 4 0 4 4 11 178 457 179
1434 4 0 4 4 242 16 233 474
1435 4 0 4 4 11 152 143 446
1436 4 0 4 4 283 293 407 433
1437 4 0 4 4 214 133 86 134
1438 4 0 4 4 251 93 177 180
1439 4 0 4 4 216 232 233 98
1440 4 0 4 4 133 86 211 214
1441 4 0 4 4 250 93 177 251
1442 4 0 4 4 232 216 213 98
1443 4 0 4 4 327 388 386 429
1444 4 0 4 4 301 321 320 399
1445 4 0 4 4 135 423 379 438
1446 4 0 4 4 231 240 97 472
1447 4 0 4 4 209 97 466 210
1448 4 0 4 4 465 209 208 85
1449 4 0 4 4 132 440 85 141
1450 4 0 4 4 476 92 249 240
1451 4 0 4 4 141 150 444 81
1452 4 0 4 4 173 81 453 172
1453 4 0 4 4 454 173 174 92
1454 4 0 4 4 136 389 137 417
1455 4 0 4 4 270 312 288 436
1456 4 0 4 4 292 303 296 432
1457 4 0 4 4 330 319 276 418
1458 4 0 4 4 373 408 389 438
1459 4 0 4 4 201 384 192 399
1460 4 0 4 4 374 381 280 387
1461 4 0 4 4 172 81 151 175
1462 4 0 4 4 132 85 208 133
1463 4 0 4 4 231 213 97 232
1464 4 0 4 4 85 211 208 133
1465 4 0 4 4 92 177 249 250
1466 4 0 4 4 213 231 97 210
1467 4 0 4 4 151 150 81 172
1468 4 0 4 4 92 177 174 249
1469 4 0 4 4 253 252 412 437
1470 4 0 4 4 84 208 131 132
1471 4 0 4 4 80 150 149 169
1472 4 0 4 4 208 131 205 84
1473 4 0 4 4 210 230 96 207
1474 4 0 4 4 210 230 231 96
1475 4 0 4 4 169 80 150 172
1476 4 0 4 4 174 171 91 248
1477 4 0 4 4 249 174 91 248
1478 4 0 4 4 203 394 160 427
1479 4 0 4 4 167 397 162 425
1480 4 0 4 4 192 384 376 399
1481 4 0 4 4 233 16 242 403
1482 4 0 4 4 251 242 15 402
1483 4 0 4 4 271 124 125 434
1484 4 0 4 4 368 392 254 437
1485 4 0 4 4 159 162 395 425
1486 4 0 4 4 160 396 163 427
1487 4 0 4 4 369 376 189 413
1488 4 0 4 4 201 246 255 384
1489 4 0 4 4 329 114 115 408
1490 4 0 4 4 386 147 417 429
1491 4 0 4 4 394 396 160 427
1492 4 0 4 4 162 397 395 425
1493 4 0 4 4 220 389 136 438
1494 4 0 4 4 312 435 317 436
1495 4 0 4 4 316 304 293 407
1496 4 0 4 4 237 199 228 374
1497 4 0 4 4 286 374 289 385
1498 4 0 4 4 154 184 383 410
1499 4 0 4 4 195 156 194 388
1500 4 0 4 4 79 447 424 430
1501 4 0 4 4 450 426 88 431
1502 4 0 4 4 319 330 302 419
1503 4 0 4 4 245 381 378 392
1504 4 0 4 4 115 386 417 429
1505 4 0 4 4 254 189 376 413
1506 4 0 4 4 370 378 236 387
1507 4 0 4 4 114 317 312 408
1508 4 0 4 4 110 278 315 401
1509 4 0 4 4 130 202 10 430
1510 4 0 4 4 14 247 168 431
1511 4 0 4 4 184 410 154 411
1512 4 0 4 4 374 387 290 432
1513 4 0 4 4 167 162 166 425
1514 4 0 4 4 204 203 160 427
1515 4 0 4 4 325 280 328 387
1516 4 0 4 4 225 222 366 378
1517 4 0 4 4 154 410 155 411
1518 4 0 4 4 224 17 223 111
1519 4 0 4 4 236 237 370 381
1520 4 0 4 4 106 277 297 409
1521 4 0 4 4 328 387 329 433
1522 4 0 4 4 136 417 145 438
1523 4 0 4 4 244 378 235 406
1524 4 0 4 4 228 374 199 375
1525 4 0 4 4 272 116 324 389
1526 4 0 4 4 225 370 371 378
1527 4 0 4 4 186 253 252 412
1528 4 0 4 4 183 186 252 412
1529 4 0 4 4 184 382 410 411
1530 4 0 4 4 368 412 373 437
1531 4 0 4 4 424 426 394 427
1532 4 0 4 4 424 425 397 426
1533 4 0 4 4 145 383 423 438
1534 4 0 4 4 142 151 445 82
1535 4 0 4 4 468 212 98 213
1536 4 0 4 4 212 211 467 86
1537 4 0 4 4 142 86 441 133
1538 4 0 4 4 456 176 177 93
1539 4 0 4 4 250 477 93 241
1540 4 0 4 4 232 241 98 473
1541 4 0 4 4 175 455 82 176
1542 4 0 4 4 259 448 79 424
1543 4 0 4 4 79 447 259 424
1544 4 0 4 4 259 449 88 426
1545 4 0 4 4 88 450 259 426
1546 4 0 4 4 166 395 148 425
1547 4 0 4 4 204 396 229 427
1548 4 0 4 4 112 113 410 420
1549 4 0 4 4 255 376 192 384
1550 4 0 4 4 197 384 198 388
1551 4 0 4 4 237 228 370 374
1552 4 0 4 4 194 386 193 405
1553 4 0 4 4 108 333 224 343
1554 4 0 4 4 218 406 221 438
1555 4 0 4 4 111 315 17 390
1556 4 0 4 4 294 374 291 375
1557 4 0 4 4 292 371 283 407
1558 4 0 4 4 394 424 447 430
1559 4 0 4 4 450 397 426 431
1560 4 0 4 4 301 320 302 399
1561 4 0 4 4 218 406 379 416
1562 4 0 4 4 298 375 291 409
1563 4 0 4 4 194 147 386 388
1564 4 0 4 4 114 329 317 408
1565 4 0 4 4 125 354 350 188
1566 4 0 4 4 189 188 191 418
1567 4 0 4 4 191 192 189 418
1568 4 0 4 4 147 194 156 388
1569 4 0 4 4 337 224 107 333
1570 4 0 4 4 236 366 235 378
1571 4 0 4 4 283 389 293 433
1572 4 0 4 4 224 108 343 109
1573 4 0 4 4 311 414 408 435
1574 4 0 4 4 225 366 236 370
1575 4 0 4 4 184 182 181 380
1576 4 0 4 4 184 185 182 380
1577 4 0 4 4 114 113 388 429
1578 4 0 4 4 217 135 134 428
1579 4 0 4 4 217 134 214 428
1580 4 0 4 4 242 402 243 403
1581 4 0 4 4 323 273 103 398
1582 4 0 4 4 255 246 254 381
1583 4 0 4 4 245 254 246 381
1584 4 0 4 4 187 129 18 188
1585 4 0 4 4 381 387 378 435
1586 4 0 4 4 53 198 201 399
1587 4 0 4 4 235 378 222 406
1588 4 0 4 4 13 206 207 204
1589 4 0 4 4 206 13 203 204
1590 4 0 4 4 10 203 202 205
1591 4 0 4 4 166 167 9 169
1592 4 0 4 4 170 167 14 168
1593 4 0 4 4 238 230 13 239
1594 4 0 4 4 10 203 205 206
1595 4 0 4 4 169 167 9 170
1596 4 0 4 4 171 170 14 168
1597 4 0 4 4 230 238 13 229
1598 4 0 4 4 9 140 139 148
1599 4 0 4 4 9 140 148 149
1600 4 0 4 4 222 371 221 433
1601 4 0 4 4 253 368 254 437
1602 4 0 4 4 110 111 223 401
1603 4 0 4 4 195 156 388 393
1604 4 0 4 4 83 404 459 428
1605 4 0 4 4 275 126 391 434
1606 4 0 4 4 193 386 196 405
1607 4 0 4 4 211 208 209 467
1608 4 0 4 4 177 174 176 456
1609 4 0 4 4 213 468 212 210
1610 4 0 4 4 142 150 445 151
1611 4 0 4 4 173 176 174 456
1612 4 0 4 4 141 133 441 132
1613 4 0 4 4 173 175 455 172
1614 4 0 4 4 240 232 231 473
1615 4 0 4 4 249 241 240 477
1616 4 0 4 4 212 211 209 467
1617 4 0 4 4 133 141 441 142
1618 4 0 4 4 150 142 445 141
1619 4 0 4 4 175 173 455 176
1620 4 0 4 4 241 232 240 473
1621 4 0 4 4 209 212 468 210
1622 4 0 4 4 249 241 477 250
1623 4 0 4 4 102 279 323 398
1624 4 0 4 4 326 309 271 434
1625 4 0 4 4 323 306 273 398
1626 4 0 4 4 100 99 295 421
1627 4 0 4 4 255 192 201 384
1628 4 0 4 4 234 403 243 406
1629 4 0 4 4 311 408 312 435
1630 4 0 4 4 217 379 135 428
1631 4 0 4 4 360 126 350 188
1632 4 0 4 4 191 188 122 418
1633 4 0 4 4 183 252 180 415
1634 4 0 4 4 219 233 234 416
1635 4 0 4 4 180 252 251 415
1636 4 0 4 4 219 216 233 416
1637 4 0 4 4 293 389 116 401
1638 4 0 4 4 225 371 222 378
1639 4 0 4 4 373 389 433 438
1640 4 0 4 4 459 404 379 428
1641 4 0 4 4 18 187 117 420
1642 4 0 4 4 272 115 116 389
1643 4 0 4 4 178 153 181 422
1644 4 0 4 4 178 152 153 422
1645 4 0 4 4 235 222 367 406
1646 4 0 4 4 135 379 217 438
1647 4 0 4 4 448 89 9 425
1648 4 0 4 4 87 13 449 427
1649 4 0 4 4 124 354 125 188
1650 4 0 4 4 228 370 374 375
1651 4 0 4 4 395 424 394 430
1652 4 0 4 4 396 426 397 431
1653 4 0 4 4 272 387 328 433
1654 4 0 4 4 218 379 215 416
1655 4 0 4 4 179 380 182 415
1656 4 0 4 4 254 253 186 368
1657 4 0 4 4 186 189 254 368
1658 4 0 4 4 186 412 368 437
1659 4 0 4 4 62 255 254 376
1660 4 0 4 4 62 63 255 376
1661 4 0 4 4 138 386 147 417
1662 4 0 4 4 291 370 374 432
1663 4 0 4 4 79 424 395 430
1664 4 0 4 4 88 426 396 431
1665 4 0 4 4 158 395 394 430
1666 4 0 4 4 396 397 164 431
1667 4 0 4 4 143 151 446 152
1668 4 0 4 4 179 177 458 180
1669 4 0 4 4 178 176 457 179
1670 4 0 4 4 212 214 469 215
1671 4 0 4 4 134 142 442 143
1672 4 0 4 4 233 241 242 474
1673 4 0 4 4 212 214 211 469
1674 4 0 4 4 151 143 446 142
1675 4 0 4 4 179 177 176 458
1676 4 0 4 4 250 242 478 251
1677 4 0 4 4 233 232 241 474
1678 4 0 4 4 213 215 470 216
1679 4 0 4 4 250 242 241 478
1680 4 0 4 4 133 142 442 134
1681 4 0 4 4 215 213 470 212
1682 4 0 4 4 178 176 175 457
1683 4 0 4 4 245 392 378 437
1684 4 0 4 4 105 277 106 409
1685 4 0 4 4 189 62 254 376
1686 4 0 4 4 325 272 290 387
1687 4 0 4 4 123 276 122 418
1688 4 0 4 4 62 192 63 376
1689 4 0 4 4 189 192 62 376
1690 4 0 4 4 248 14 239 431
1691 4 0 4 4 131 10 140 430
1692 4 0 4 4 220 137 136 390
1693 4 0 4 4 372 221 433 438
1694 4 0 4 4 245 236 378 381
1695 4 0 4 4 201 54 53 399
1696 4 0 4 4 198 393 399 400
1697 4 0 4 4 138 137 386 417
1698 4 0 4 4 186 253 412 437
1699 4 0 4 4 66 199 196 375
1700 4 0 4 4 255 63 192 376
1701 4 0 4 4 337 107 224 106
1702 4 0 4 4 219 234 406 416
1703 4 0 4 4 159 148 166 395
1704 4 0 4 4 163 229 204 396
1705 4 0 4 4 309 300 419 434
1706 4 0 4 4 371 372 221 433
1707 4 0 4 4 310 112 113 410
1708 4 0 4 4 184 155 187 411
1709 4 0 4 4 184 154 155 411
1710 4 0 4 4 323 279 306 398
1711 4 0 4 4 102 227 101 398
1712 4 0 4 4 146 410 383 429
1713 4 0 4 4 112 393 113 420
1714 4 0 4 4 381 378 392 435
1715 4 0 4 4 201 192 54 399
1716 4 0 4 4 104 375 227 398
1717 4 0 4 4 111 223 224 110
1718 4 0 4 4 329 115 389 408
1719 4 0 4 4 153 380 181 422
1720 4 0 4 4 368 413 392 414
1721 4 0 4 4 333 224 107 108
1722 4 0 4 4 292 283 371 432
1723 4 0 4 4 305 391 300 434
1724 4 0 4 4 157 160 44 394
1725 4 0 4 4 165 162 50 397
1726 4 0 4 4 164 46 163 396
1727 4 0 4 4 158 21 159 395
1728 4 0 4 4 117 282 18 112
1729 4 0 4 4 161 160 394 396
1730 4 0 4 4 162 161 395 397
1731 4 0 4 4 164 396 161 397
1732 4 0 4 4 158 161 394 395
1733 4 0 4 4 200 384 197 405
1734 4 0 4 4 311 435 312 436
1735 4 0 4 4 219 234 367 406
1736 4 0 4 4 136 423 135 438
1737 4 0 4 4 371 378 432 433
1738 4 0 4 4 283 324 389 433
1739 4 0 4 4 252 244 243 437
1740 4 0 4 4 253 244 252 437
1741 4 0 4 4 300 413 285 419
1742 4 0 4 4 301 399 302 419
1743 4 0 4 4 138 386 137 390
1744 4 0 4 4 126 360 127 188
1745 4 0 4 4 66 196 65 375
1746 4 0 4 4 314 271 125 434
1747 4 0 4 4 131 130 10 430
1748 4 0 4 4 248 247 14 431
1749 4 0 4 4 186 368 253 437
1750 4 0 4 4 114 115 408 417
1751 4 0 4 4 195 388 198 393
1752 4 0 4 4 69 54 63 7
1753 4 0 4 4 19 43 2 34
1754 4 0 4 4 145 383 154 423
1755 4 0 4 4 146 383 417 429
1756 4 0 4 4 140 79 139 430
1757 4 0 4 4 88 238 239 431
1758 4 0 4 4 272 324 432 433
1759 4 0 4 4 382 391 368 414
1760 4 0 4 4 312 408 317 435
1761 4 0 4 4 227 104 224 375
1762 4 0 4 4 389 390 137 417
1763 4 0 4 4 115 390 389 417
1764 4 0 4 4 379 404 423 428
1765 4 0 4 4 309 308 369 419
1766 4 0 4 4 125 350 126 188
1767 4 0 4 4 195 190 156 393
1768 4 0 4 4 136 135 217 438
1769 4 0 4 4 220 136 217 438
1770 4 0 4 4 145 146 383 417
1771 4 0 4 4 234 242 243 403
1772 4 0 4 4 252 243 251 402
1773 4 0 4 4 233 242 234 403
1774 4 0 4 4 243 242 251 402
1775 4 0 4 4 235 367 234 406
1776 4 0 4 4 154 383 155 410
1777 4 0 4 4 44 43 157 394
1778 4 0 4 4 47 46 164 396
1779 4 0 4 4 50 51 165 397
1780 4 0 4 4 21 158 20 395
1781 4 0 4 4 66 228 199 375
1782 4 0 4 4 235 234 243 406
1783 4 0 4 4 243 244 235 406
1784 4 0 4 4 77 236 78 370
1785 4 0 4 4 236 237 78 370
1786 4 0 4 4 145 137 146 417
1787 4 0 4 4 136 137 145 417
1788 4 0 4 4 65 193 227 196
1789 4 0 4 4 201 68 246 200
1790 4 0 4 4 162 49 166 159
1791 4 0 4 4 45 204 160 163
1792 4 0 4 4 33 194 195 156
1793 4 0 4 4 67 200 199 237
1794 4 0 4 4 181 182 179 380
1795 4 0 4 4 215 218 217 379
1796 4 0 4 4 217 214 215 379
1797 4 0 4 4 179 178 181 380
1798 4 0 4 4 53 54 192 399
1799 4 0 4 4 53 192 191 399
1800 4 0 4 4 203 202 44 394
1801 4 0 4 4 44 202 43 394
1802 4 0 4 4 47 238 229 396
1803 4 0 4 4 229 46 47 396
1804 4 0 4 4 50 167 51 397
1805 4 0 4 4 51 167 168 397
1806 4 0 4 4 21 20 139 395
1807 4 0 4 4 139 148 21 395
1808 4 0 4 4 47 164 165 431
1809 4 0 4 4 20 158 157 430
1810 4 0 4 4 143 12 134 428
1811 4 0 4 4 128 129 187 188
1812 4 0 4 4 196 197 194 405
1813 4 0 4 4 194 193 196 405
1814 4 0 4 4 198 195 393 400
1815 4 0 4 4 196 227 65 375
1816 4 0 4 4 287 281 302 399
1817 4 0 4 4 189 368 186 391
1818 4 0 4 4 186 368 185 391
1819 4 0 4 4 310 299 112 410
1820 4 0 4 4 386 390 138 421
1821 4 0 4 4 373 433 408 435
1822 4 0 4 4 217 379 218 438
1823 4 0 4 4 271 314 326 434
1824 4 0 4 4 282 118 119 400
1825 4 0 4 4 127 313 382 411
1826 4 0 4 4 158 139 395 430
1827 4 0 4 4 238 396 164 431
1828 4 0 4 4 103 102 323 398
1829 4 0 4 4 227 225 228 375
1830 4 0 4 4 227 224 225 375
1831 4 0 4 4 144 135 423 428
1832 4 0 4 4 198 197 200 384
1833 4 0 4 4 198 200 201 384
1834 4 0 4 4 386 388 147 429
1835 4 0 4 4 325 328 272 387
1836 4 0 4 4 157 158 394 430
1837 4 0 4 4 164 397 165 431
1838 4 0 4 4 388 393 156 429
1839 4 0 4 4 43 202 157 394
1840 4 0 4 4 46 229 163 396
1841 4 0 4 4 51 168 165 397
1842 4 0 4 4 148 159 21 395
1843 4 0 4 4 16 216 215 416
1844 4 0 4 4 15 179 180 415
1845 4 0 4 4 244 245 378 437
1846 4 0 4 4 246 237 245 381
1847 4 0 4 4 236 245 237 381
1848 4 0 4 4 116 386 385 421
1849 4 0 4 4 300 391 413 434
1850 4 0 4 4 152 11 143 422
1851 4 0 4 4 182 380 412 415
1852 4 0 4 4 189 369 368 391
1853 4 0 4 4 378 435 373 437
1854 4 0 4 4 63 201 255 192
1855 4 0 4 4 255 68 201 69
1856 4 0 4 4 78 199 237 8
1857 4 0 4 4 156 195 33 190
1858 4 0 4 4 78 66 199 8
1859 4 0 4 4 227 64 193 65
1860 4 0 4 4 68 255 201 246
1861 4 0 4 4 246 67 200 68
1862 4 0 4 4 203 45 160 44
1863 4 0 4 4 195 3 190 52
1864 4 0 4 4 64 227 193 226
1865 4 0 4 4 51 168 48 165
1866 4 0 4 4 19 43 34 157
1867 4 0 4 4 49 162 166 50
1868 4 0 4 4 49 22 159 1
1869 4 0 4 4 130 19 34 157
1870 4 0 4 4 34 130 157 202
1871 4 0 4 4 32 194 156 147
1872 4 0 4 4 22 49 159 166
1873 4 0 4 4 22 1 148 159
1874 4 0 4 4 148 1 21 159
1875 4 0 4 4 5 163 204 45
1876 4 0 4 4 157 43 34 202
1877 4 0 4 4 33 194 156 32
1878 4 0 4 4 3 195 190 33
1879 4 0 4 4 165 168 48 247
1880 4 0 4 4 162 50 167 166
1881 4 0 4 4 201 63 255 69
1882 4 0 4 4 54 69 63 201
1883 4 0 4 4 46 204 163 229
1884 4 0 4 4 163 5 204 46
1885 4 0 4 4 201 63 54 192
1886 4 0 4 4 159 148 22 166
1887 4 0 4 4 45 203 160 204
1888 4 0 4 4 66 78 199 228
1889 4 0 4 4 78 199 228 237
1890 4 0 4 4 8 199 237 67
1891 4 0 4 4 67 246 200 237
1892 4 0 4 4 138 226 64 193
1893 4 0 4 4 64 31 138 193
1894 4 0 4 4 317 408 329 435
1895 4 0 4 4 244 245 236 378
1896 4 0 4 4 236 235 244 378
1897 4 0 4 4 83 143 422 428
1898 4 0 4 4 157 19 20 430
1899 4 0 4 4 165 48 47 431
1900 4 0 4 4 17 315 316 390
1901 4 0 4 4 194 197 388 405
1902 4 0 4 4 138 390 42 421
1903 4 0 4 4 116 390 386 421
1904 4 0 4 4 392 435 378 437
1905 4 0 4 4 136 144 135 423
1906 4 0 4 4 145 144 136 423
1907 4 0 4 4 372 433 389 438
1908 4 0 4 4 221 223 220 372
1909 4 0 4 4 381 435 392 436
1910 4 0 4 4 195 194 197 388
1911 4 0 4 4 197 198 195 388
1912 4 0 4 4 225 375 224 409
1913 4 0 4 4 422 423 404 428
1914 4 0 4 4 324 283 432 433
1915 4 0 4 4 198 52 195 400
1916 4 0 4 4 113 393 388 429
1917 4 0 4 4 128 129 313 411
1918 4 0 4 4 245 254 392 437
1919 4 0 4 4 237 228 78 370
1920 4 0 4 4 414 435 392 437
1921 4 0 4 4 66 65 228 375
1922 4 0 4 4 65 227 228 375
1923 4 0 4 4 387 432 378 433
1924 4 0 4 4 282 112 117 420
1925 4 0 4 4 285 413 391 414
1926 4 0 4 4 83 422 404 428
1927 4 0 4 4 113 410 420 429
1928 4 0 4 4 145 423 136 438
1929 4 0 4 4 413 419 300 434
1930 4 0 4 4 77 78 228 370
1931 4 0 4 4 228 225 77 370
1932 4 0 4 4 308 369 124 434
1933 4 0 4 4 272 389 324 433
1934 4 0 4 4 138 146 137 417
1935 4 0 4 4 138 147 146 417
1936 4 0 4 4 295 116 385 421
1937 4 0 4 4 329 408 389 433
1938 4 0 4 4 404 422 380 423
1939 4 0 4 4 294 375 298 398
1940 4 0 4 4 155 383 146 410
1941 4 0 4 4 372 407 293 433
1942 4 0 4 4 399 413 376 419
1943 4 0 4 4 298 307 375 409
1944 4 0 4 4 4 42 226 138
1945 4 0 4 4 136 41 220 40
1946 4 0 4 4 135 40 217 39
1947 4 0 4 4 28 155 184 154
1948 4 0 4 4 156 33 30 190
1949 4 0 4 4 154 28 27 181
1950 4 0 4 4 40 135 217 136
1951 4 0 4 4 155 28 184 29
1952 4 0 4 4 180 58 251 59
1953 4 0 4 4 60 253 186 61
1954 4 0 4 4 40 217 220 136
1955 4 0 4 4 153 154 27 181
1956 4 0 4 4 28 154 184 181
1957 4 0 4 4 155 29 184 187
1958 4 0 4 4 253 60 186 252
1959 4 0 4 4 226 64 4 138
1960 4 0 4 4 61 189 62 254
1961 4 0 4 4 183 60 59 252
1962 4 0 4 4 31 64 138 4
1963 4 0 4 4 38 133 214 134
1964 4 0 4 4 61 186 189 254
1965 4 0 4 4 60 186 252 183
1966 4 0 4 4 250 177 57 58
1967 4 0 4 4 61 186 254 253
1968 4 0 4 4 41 136 220 137
1969 4 0 4 4 130 35 202 34
1970 4 0 4 4 37 208 211 133
1971 4 0 4 4 150 151 24 172
1972 4 0 4 4 25 172 151 175
1973 4 0 4 4 232 216 233 74
1974 4 0 4 4 231 213 232 73
1975 4 0 4 4 3 190 30 33
1976 4 0 4 4 35 130 202 131
1977 4 0 4 4 131 202 35 205
1978 4 0 4 4 153 27 178 181
1979 4 0 4 4 249 177 174 57
1980 4 0 4 4 216 232 73 74
1981 4 0 4 4 177 249 250 57
1982 4 0 4 4 183 59 180 252
1983 4 0 4 4 70 207 229 71
1984 4 0 4 4 207 70 229 204
1985 4 0 4 4 71 207 229 230
1986 4 0 4 4 71 210 230 72
1987 4 0 4 4 210 71 230 207
1988 4 0 4 4 205 36 131 208
1989 4 0 4 4 149 22 166 23
1990 4 0 4 4 168 48 6 51
1991 4 0 4 4 204 46 5 70
1992 4 0 4 4 249 56 174 248
1993 4 0 4 4 171 247 55 168
1994 4 0 4 4 39 134 217 135
1995 4 0 4 4 150 23 149 169
1996 4 0 4 4 248 55 171 247
1997 4 0 4 4 174 171 248 56
1998 4 0 4 4 208 37 132 133
1999 4 0 4 4 211 38 133 214
2000 4 0 4 4 150 24 169 172
2001 4 0 4 4 172 25 151 24
2002 4 0 4 4 6 48 168 247
2003 4 0 4 4 59 251 180 252
2004 4 0 4 4 56 249 174 57
2005 4 0 4 4 58 180 251 177
2006 4 0 4 4 216 232 213 73
2007 4 0 4 4 72 213 231 73
2008 4 0 4 4 72 213 210 231
2009 4 0 4 4 36 131 208 132
2010 4 0 4 4 150 24 23 169
2011 4 0 4 4 208 37 36 132
2012 4 0 4 4 211 38 37 133
2013 4 0 4 4 251 58 177 250
2014 4 0 4 4 36 205 131 35
2015 4 0 4 4 247 168 6 55
2016 4 0 4 4 149 23 166 169
2017 4 0 4 4 22 149 166 148
2018 4 0 4 4 55 248 171 56
2019 4 0 4 4 230 72 210 231
2020 4 0 4 4 46 204 229 70
2021 4 0 4 4 153 26 178 27
2022 4 0 4 4 233 75 219 234
2023 4 0 4 4 26 153 178 152
2024 4 0 4 4 214 39 134 217
2025 4 0 4 4 75 233 219 74
2026 4 0 4 4 39 214 134 38
2027 4 0 4 4 74 233 219 216
2028 4 0 4 4 329 433 387 435
2029 4 0 4 4 147 146 417 429
2030 4 0 4 4 196 199 197 405
2031 4 0 4 4 197 199 200 405
2032 4 0 4 4 329 408 433 435
2033 4 0 4 4 203 44 160 394
2034 4 0 4 4 47 164 238 396
2035 4 0 4 4 50 162 167 397
2036 4 0 4 4 139 20 158 395
2037 4 0 4 4 376 399 384 413
2038 4 0 4 4 219 367 222 406
2039 4 0 4 4 145 146 154 383
2040 4 0 4 4 154 146 155 383
2041 4 0 4 4 374 294 385 398
2042 4 0 4 4 315 390 111 401
2043 4 0 4 4 368 414 392 437
2044 4 0 4 4 298 375 273 398
2045 4 0 4 4 292 296 291 432
2046 4 0 4 4 368 185 382 412
2047 4 0 4 4 53 52 198 400
2048 4 0 4 4 161 158 159 395
2049 4 0 4 4 159 162 161 395
2050 4 0 4 4 161 163 160 396
2051 4 0 4 4 158 161 160 394
2052 4 0 4 4 162 165 164 397
2053 4 0 4 4 162 164 161 397
2054 4 0 4 4 158 160 157 394
2055 4 0 4 4 164 163 161 396
2056 4 0 4 4 155 410 146 429
2057 4 0 4 4 221 219 222 406
2058 4 0 4 4 218 219 221 406
2059 4 0 4 4 144 145 153 423
2060 4 0 4 4 145 154 153 423
2061 4 0 4 4 126 188 127 391
2062 4 0 4 4 157 130 19 430
2063 4 0 4 4 165 247 48 431
2064 4 0 4 4 20 19 130 430
2065 4 0 4 4 48 247 238 431
2066 4 0 4 4 47 48 238 431
2067 4 0 4 4 20 130 139 430
2068 4 0 4 4 313 112 299 411
2069 4 0 4 4 287 302 320 399
2070 4 0 4 4 308 309 369 434
2071 4 0 4 4 42 137 41 390
2072 4 0 4 4 137 42 138 390
2073 4 0 4 4 322 413 285 414
2074 4 0 4 4 410 155 420 429
2075 4 0 4 4 185 186 183 412
2076 4 0 4 4 183 182 185 412
2077 4 0 4 4 218 221 220 438
2078 4 0 4 4 220 217 218 438
2079 4 0 4 4 389 408 115 417
2080 4 0 4 4 147 388 156 429
2081 4 0 4 4 182 412 183 415
2082 4 0 4 4 185 187 188 382
2083 4 0 4 4 184 187 185 382
2084 4 0 4 4 293 389 372 433
2085 4 0 4 4 275 391 305 434
2086 4 0 4 4 378 433 373 435
2087 4 0 4 4 293 372 389 401
2088 4 0 4 4 128 187 129 411
2089 4 0 4 4 372 401 293 407
2090 4 0 4 4 316 315 278 401
2091 4 0 4 4 117 112 18 420
2092 4 0 4 4 322 284 413 414
2093 4 0 4 4 104 273 375 398
2094 4 0 4 4 99 390 295 421
2095 4 0 4 4 121 120 191 399
2096 4 0 4 4 192 376 189 418
2097 4 0 4 4 188 186 185 391
2098 4 0 4 4 188 189 186 391
2099 4 0 4 4 222 225 224 371
2100 4 0 4 4 224 221 222 371
2101 4 0 4 4 105 106 224 409
2102 4 0 4 4 291 409 370 432
2103 4 0 4 4 223 99 226 421
2104 4 0 4 4 330 418 308 419
2105 4 0 4 4 144 153 422 423
2106 4 0 4 4 283 407 371 433
2107 4 0 4 4 144 423 422 428
2108 4 0 4 4 113 420 393 429
2109 4 0 4 4 20 139 158 430
2110 4 0 4 4 47 238 164 431
2111 4 0 4 4 311 414 435 436
2112 4 0 4 4 300 285 301 419
2113 4 0 4 4 306 279 295 385
2114 4 0 4 4 310 311 284 414
2115 4 0 4 4 245 253 254 437
2116 4 0 4 4 253 245 244 437
2117 4 0 4 4 116 17 316 390
2118 4 0 4 4 42 41 223 390
2119 4 0 4 4 290 283 291 432
2120 4 0 4 4 135 144 143 428
2121 4 0 4 4 143 134 135 428
2122 4 0 4 4 330 309 300 419
2123 4 0 4 4 371 432 283 433
2124 4 0 4 4 30 29 156 420
2125 4 0 4 4 29 155 156 420
2126 4 0 4 4 189 188 369 391
2127 4 0 4 4 151 25 175 365
2128 4 0 4 4 75 219 234 367
2129 4 0 4 4 222 235 76 366
2130 4 0 4 4 155 411 410 420
2131 4 0 4 4 185 368 186 412
2132 4 0 4 4 393 420 156 429
2133 4 0 4 4 156 420 155 429
2134 4 0 4 4 248 239 247 431
2135 4 0 4 4 247 239 238 431
2136 4 0 4 4 131 140 139 430
2137 4 0 4 4 139 130 131 430
2138 4 0 4 4 291 374 370 375
2139 4 0 4 4 297 303 371 432
2140 4 0 4 4 218 219 406 416
2141 4 0 4 4 77 225 236 370
2142 4 0 4 4 296 409 291 432
2143 4 0 4 4 147 156 155 429
2144 4 0 4 4 155 146 147 429
2145 4 0 4 4 319 418 330 419
2146 4 0 4 4 190 117 187 420
2147 4 0 4 4 370 387 374 432
2148 4 0 4 4 183 180 182 415
2149 4 0 4 4 219 218 216 416
2150 4 0 4 4 179 182 180 415
2151 4 0 4 4 215 216 218 416
2152 4 0 4 4 282 287 393 400
2153 4 0 4 4 153 152 144 422
2154 4 0 4 4 152 143 144 422
2155 4 0 4 4 191 376 192 418
2156 4 0 4 4 127 382 188 411
2157 4 0 4 4 292 371 303 432
2158 4 0 4 4 178 26 152 365
2159 4 0 4 4 235 222 76 367
2160 4 0 4 4 77 236 225 366
2161 4 0 4 4 272 432 387 433
2162 4 0 4 4 299 410 382 411
2163 4 0 4 4 187 29 30 420
2164 4 0 4 4 30 190 187 420
2165 4 0 4 4 53 191 52 400
2166 4 0 4 4 52 191 190 400
2167 4 0 4 4 155 187 411 420
2168 4 0 4 4 413 414 284 436
2169 4 0 4 4 292 291 283 432
2170 4 0 4 4 111 17 223 390
2171 4 0 4 4 306 295 294 385
2172 4 0 4 4 120 119 191 400
2173 4 0 4 4 290 324 283 432
2174 4 0 4 4 190 156 393 420
2175 4 0 4 4 291 375 370 409
2176 4 0 4 4 374 375 294 398
2177 4 0 4 4 315 316 390 401
2178 4 0 4 4 144 422 143 428
2179 4 0 4 4 106 297 371 409
2180 4 0 4 4 296 297 409 432
2181 4 0 4 4 369 391 188 434
2182 4 0 4 4 278 401 109 407
2183 4 0 4 4 389 390 116 401
2184 4 0 4 4 221 372 220 438
2185 4 0 4 4 116 295 390 421
2186 4 0 4 4 278 316 401 407
2187 4 0 4 4 188 382 127 391
2188 4 0 4 4 112 410 299 411
2189 4 0 4 4 370 375 225 409
2190 4 0 4 4 185 368 382 391
2191 4 0 4 4 371 370 409 432
2192 4 0 4 4 295 289 294 385
2193 4 0 4 4 387 433 378 435
2194 4 0 4 4 184 187 382 411
2195 4 0 4 4 368 391 413 414
2196 4 0 4 4 316 293 401 407
2197 4 0 4 4 311 284 414 436
2198 4 0 4 4 128 188 187 411
2199 4 0 4 4 368 391 369 413
2200 4 0 4 4 30 156 190 420
2201 4 0 4 4 371 407 372 433
2202 4 0 4 4 110 223 224 401
2203 4 0 4 4 225 371 370 409
2204 4 0 4 4 226 138 42 421
2205 4 0 4 4 107 224 106 371
2206 4 0 4 4 369 413 391 434
2207 4 0 4 4 189 376 369 418
2208 4 0 4 4 29 187 155 420
2209 4 0 4 4 270 284 311 436
2210 4 0 4 4 330 300 302 419
2211 4 0 4 4 185 382 188 391
2212 4 0 4 4 189 369 188 418
2213 4 0 4 4 270 311 312 436
2214 4 0 4 4 306 385 294 398
2215 4 0 4 4 309 419 369 434
2216 4 0 4 4 124 369 188 434
2217 4 0 4 4 124 188 125 434
2218 4 0 4 4 376 413 369 418
2219 4 0 4 4 192 376 191 399
2220 4 0 4 4 300 301 302 419
2221 4 0 4 4 392 414 413 436
2222 4 0 4 4 111 390 223 401
2223 4 0 4 4 308 418 369 419
2224 4 0 4 4 369 419 413 434
2225 4 0 4 4 392 435 414 436
2226 4 0 4 4 126 188 391 434
2227 4 0 4 4 225 370 228 375
2228 4 0 4 4 410 411 112 420
2229 4 0 4 4 279 385 306 398
2230 4 0 4 4 224 108 109 407
2231 4 0 4 4 188 382 187 411
2232 4 0 4 4 413 418 376 419
2233 4 0 4 4 282 400 393 420
2234 4 0 4 4 120 191 399 400
2235 4 0 4 4 126 125 188 434
2236 4 0 4 4 376 418 399 419
2237 4 0 4 4 191 399 376 418
2238 4 0 4 4 225 224 371 409
2239 4 0 4 4 369 418 413 419
2240 4 0 4 4 371 409 297 432
2241 4 0 4 4 393 400 190 420
2242 4 0 4 4 106 371 224 409
2243 4 0 4 4 120 359 121 188
2244 4 0 4 4 224 17 345 336
2245 4 0 4 4 349 363 122 188
2246 4 0 4 4 224 344 336 334
2247 4 0 4 4 345 111 224 331
2248 4 0 4 4 17 224 99 336
2249 4 0 4 4 99 224 100 344
2250 4 0 4 4 99 224 344 336
2251 4 0 4 4 345 224 336 331
2252 4 0 4 4 332 104 224 103
2253 4 0 4 4 224 100 334 101
2254 4 0 4 4 224 100 344 334
2255 4 0 4 4 346 104 224 332
2256 4 0 4 4 339 224 332 338
2257 4 0 4 4 224 336 331 341
2258 4 0 4 4 342 224 334 101
2259 4 0 4 4 336 224 334 341
2260 4 0 4 4 339 341 224 338
2261 4 0 4 4 339 224 334 342
2262 4 0 4 4 224 334 341 339
2263 4 0 4 4 103 224 332 342
2264 4 0 4 4 339 332 224 342
2265 4 0 4 4 342 103 224 102
2266 4 0 4 4 224 342 102 101
2267 4 0 4 4 349 356 355 188
2268 4 0 4 4 355 356 358 188
2269 4 0 4 4 358 351 353 188
2270 4 0 4 4 348 353 362 188
2271 4 0 4 4 349 359 356 188
2272 4 0 4 4 351 358 356 188
2273 4 0 4 4 353 348 358 188
2274 4 0 4 4 361 353 351 188
2275 4 0 4 4 18 353 117 188
2276 4 0 4 4 362 353 18 188
2277 4 0 4 4 351 356 359 188
2278 4 0 4 4 121 349 122 188
2279 4 0 4 4 118 351 119 188
2280 4 0 4 4 349 121 359 188
2281 4 0 4 4 353 361 117 188
2282 4 0 4 4 351 118 361 188
2283 4 0 4 4 117 361 118 188
2284 4 0 4 4 359 120 119 188
2285 4 0 4 4 351 359 119 188
2286 4 0 4 4 263 459 461 94
2287 4 0 4 4 263 461 459 404
2288 4 0 4 4 461 403 459 404
2289 4 0 4 4 403 379 459 404
2290 4 0 4 4 444 256 140 141
2291 4 0 4 4 149 444 140 141
2292 4 0 4 4 150 444 149 141
2293 4 0 4 4 150 149 444 80
2294 4 0 4 4 231 472 239 240
2295 4 0 4 4 267 239 472 240
2296 4 0 4 4 208 465 206 209
2297 4 0 4 4 264 206 465 209
2298 4 0 4 4 172 170 453 173
2299 4 0 4 4 260 453 170 173
2300 4 0 4 4 466 206 264 209
2301 4 0 4 4 207 206 466 209
2302 4 0 4 4 210 466 207 96
2303 4 0 4 4 210 207 466 209
2304 4 0 4 4 256 440 140 141
2305 4 0 4 4 132 140 440 141
2306 4 0 4 4 239 267 476 240
2307 4 0 4 4 248 239 476 240
2308 4 0 4 4 476 248 249 91
2309 4 0 4 4 249 248 476 240
2310 4 0 4 4 454 260 170 173
2311 4 0 4 4 454 170 171 173
2312 4 0 4 4 454 171 174 173
2313 4 0 4 4 174 171 454 91
2314 4 0 4 4 443 149 444 140
2315 4 0 4 4 444 149 443 80
2316 4 0 4 4 444 256 443 140
2317 4 0 4 4 443 256 444 80
2318 4 0 4 4 463 264 465 84
2319 4 0 4 4 463 465 264 206
2320 4 0 4 4 208 205 465 84
2321 4 0 4 4 208 465 205 206
2322 4 0 4 4 205 463 465 84
2323 4 0 4 4 205 465 463 206
2324 4 0 4 4 260 451 453 80
2325 4 0 4 4 260 453 451 170
2326 4 0 4 4 172 453 169 80
2327 4 0 4 4 172 169 453 170
2328 4 0 4 4 453 451 169 80
2329 4 0 4 4 453 169 451 170
2330 4 0 4 4 256 439 440 84
2331 4 0 4 4 256 440 439 140
2332 4 0 4 4 132 440 131 84
2333 4 0 4 4 132 131 440 140
2334 4 0 4 4 440 439 131 84
2335 4 0 4 4 440 131 439 140
2336 4 0 4 4 260 452 454 170
2337 4 0 4 4 260 454 452 91
2338 4 0 4 4 171 454 452 170
2339 4 0 4 4 171 452 454 91
2340 4 0 4 4 475 248 476 91
2341 4 0 4 4 476 248 475 239
2342 4 0 4 4 476 267 475 91
2343 4 0 4 4 475 267 476 239
2344 4 0 4 4 471 267 472 96
2345 4 0 4 4 471 472 267 239
2346 4 0 4 4 231 230 472 96
2347 4 0 4 4 231 472 230 239
2348 4 0 4 4 230 471 472 96
2349 4 0 4 4 230 472 471 239
2350 4 0 4 4 207 464 466 206
2351 4 0 4 4 207 466 464 96
2352 4 0 4 4 264 466 464 206
2353 4 0 4 4 264 464 466 96
2354 4 0 4 4 298 398 306 294
2355 4 0 4 4 306 398 298 273
2356 4 0 4 4 127 275 382 313
2357 4 0 4 4 127 382 275 391
2358 4 0 4 4 305 382 275 313
2359 4 0 4 4 305 275 382 391
2360 4 0 4 4 394 447 427 87
2361 4 0 4 4 394 427 447 424
2362 4 0 4 4 450 259 448 89
2363 4 0 4 4 450 448 259 426
2364 4 0 4 4 425 450 448 89
2365 4 0 4 4 425 448 450 426
2366 4 0 4 4 397 450 425 89
2367 4 0 4 4 397 425 450 426
2368 4 0 4 4 301 399 413 322
2369 4 0 4 4 413 399 301 419
2370 4 0 4 4 413 285 301 322
2371 4 0 4 4 301 285 413 419
2372 4 0 4 4 188 123 369 124
2373 4 0 4 4 188 369 123 418
2374 4 0 4 4 308 369 123 124
2375 4 0 4 4 308 123 369 418
2376 4 0 4 4 270 405 381 288
2377 4 0 4 4 381 405 270 384
2378 4 0 4 4 224 105 375 104
2379 4 0 4 4 224 375 105 409
2380 4 0 4 4 307 375 105 104
2381 4 0 4 4 307 105 375 409
2382 4 0 4 4 449 87 447 259
2383 4 0 4 4 449 447 87 427
2384 4 0 4 4 424 449 447 259
2385 4 0 4 4 424 447 449 427
2386 4 0 4 4 426 449 424 259
2387 4 0 4 4 426 424 449 427
2388 4 0 4 4 263 403 95 461
2389 4 0 4 4 95 403 263 402
2390 4 0 4 4 17 295 390 116
2391 4 0 4 4 17 390 295 99
2392 4 0 4 4 299 313 382 305
2393 4 0 4 4 299 382 313 411
2394 4 0 4 4 299 300 391 285
2395 4 0 4 4 299 391 300 305
2396 4 0 4 4 214 428 379 217
2397 4 0 4 4 379 428 214 12
2398 4 0 4 4 122 191 399 121
2399 4 0 4 4 399 191 122 418
2400 4 0 4 4 399 319 122 121
2401 4 0 4 4 122 319 399 418
2402 4 0 4 4 389 283 116 324
2403 4 0 4 4 389 116 283 293
2404 4 0 4 4 399 281 400 287
2405 4 0 4 4 399 400 281 120
2406 4 0 4 4 415 462 380 402
2407 4 0 4 4 415 380 462 90
2408 4 0 4 4 404 380 462 402
2409 4 0 4 4 404 462 380 90
2410 4 0 4 4 379 416 459 94
2411 4 0 4 4 379 459 416 403
2412 4 0 4 4 461 459 416 94
2413 4 0 4 4 461 416 459 403
2414 4 0 4 4 422 460 380 11
2415 4 0 4 4 422 380 460 404
2416 4 0 4 4 415 377 252 402
2417 4 0 4 4 415 252 377 412
2418 4 0 4 4 243 252 377 402
2419 4 0 4 4 243 377 252 412
2420 4 0 4 4 295 421 279 100
2421 4 0 4 4 295 279 421 385
2422 4 0 4 4 101 279 421 100
2423 4 0 4 4 410 311 414 383
2424 4 0 4 4 410 414 311 310
2425 4 0 4 4 390 220 389 136
2426 4 0 4 4 399 388 198 384
2427 4 0 4 4 399 198 388 393
2428 4 0 4 4 398 374 227 385
2429 4 0 4 4 398 227 374 375
2430 4 0 4 4 196 227 374 385
2431 4 0 4 4 196 374 227 375
2432 4 0 4 4 413 189 368 254
2433 4 0 4 4 413 368 189 369
2434 4 0 4 4 328 433 389 272
2435 4 0 4 4 389 433 328 329
2436 4 0 4 4 389 115 328 272
2437 4 0 4 4 328 115 389 329
2438 4 0 4 4 419 319 399 302
2439 4 0 4 4 419 399 319 418
2440 4 0 4 4 287 112 393 320
2441 4 0 4 4 322 310 414 285
2442 4 0 4 4 414 310 322 284
2443 4 0 4 4 382 414 310 391
2444 4 0 4 4 310 414 382 410
2445 4 0 4 4 310 299 382 391
2446 4 0 4 4 382 299 310 410
2447 4 0 4 4 223 99 390 17
2448 4 0 4 4 390 99 223 421
2449 4 0 4 4 430 202 157 130
2450 4 0 4 4 430 157 202 394
2451 4 0 4 4 431 168 165 247
2452 4 0 4 4 431 165 168 397
2453 4 0 4 4 432 272 290 324
2454 4 0 4 4 432 290 272 387
2455 4 0 4 4 433 222 406 221
2456 4 0 4 4 433 406 222 378
2457 4 0 4 4 109 224 401 110
2458 4 0 4 4 109 401 224 407
2459 4 0 4 4 421 193 138 386
2460 4 0 4 4 421 138 193 226
2461 4 0 4 4 223 372 389 220
2462 4 0 4 4 389 372 223 401
2463 4 0 4 4 389 390 223 220
2464 4 0 4 4 223 390 389 401
2465 4 0 4 4 32 193 147 31
2466 4 0 4 4 138 147 193 31
2467 4 0 4 4 138 193 147 386
2468 4 0 4 4 282 112 393 287
2469 4 0 4 4 282 393 112 420
2470 4 0 4 4 400 281 282 287
2471 4 0 4 4 429 383 113 410
2472 4 0 4 4 429 113 383 417
2473 4 0 4 4 421 223 42 226
2474 4 0 4 4 421 42 223 390
2475 4 0 4 4 274 407 303 304
2476 4 0 4 4 274 303 407 371
2477 4 0 4 4 292 303 407 304
2478 4 0 4 4 292 407 303 371
2479 4 0 4 4 227 421 193 226
2480 4 0 4 4 193 421 227 385
2481 4 0 4 4 116 401 316 293
2482 4 0 4 4 316 401 116 390
2483 4 0 4 4 399 53 400 191
2484 4 0 4 4 399 400 53 198
2485 4 0 4 4 287 393 399 320
2486 4 0 4 4 287 399 393 400
2487 4 0 4 4 282 120 400 119
2488 4 0 4 4 282 400 120 281
2489 4 0 4 4 195 190 400 52
2490 4 0 4 4 400 190 195 393
2491 4 0 4 4 187 129 420 18
2492 4 0 4 4 187 420 129 411
2493 4 0 4 4 112 420 313 18
2494 4 0 4 4 112 313 420 411
2495 4 0 4 4 420 129 313 18
2496 4 0 4 4 420 313 129 411
2497 4 0 4 4 41 390 220 223
2498 4 0 4 4 220 390 41 137
2499 4 0 4 4 401 224 372 223
2500 4 0 4 4 401 372 224 407
2501 4 0 4 4 221 372 224 223
2502 4 0 4 4 224 108 371 107
2503 4 0 4 4 224 371 108 407
2504 4 0 4 4 274 371 108 107
2505 4 0 4 4 274 108 371 407
2506 4 0 4 4 100 421 226 99
2507 4 0 4 4 226 421 100 227
2508 4 0 4 4 226 224 100 99
2509 4 0 4 4 100 224 226 227
2510 4 0 4 4 188 118 190 191
2511 4 0 4 4 188 190 118 117
2512 4 0 4 4 400 190 118 191
2513 4 0 4 4 365 175 82 178
2514 4 0 4 4 82 175 365 151
2515 4 0 4 4 82 152 365 178
2516 4 0 4 4 365 152 82 151
2517 4 0 4 4 118 190 420 117
2518 4 0 4 4 420 190 118 400
2519 4 0 4 4 420 282 118 117
2520 4 0 4 4 118 282 420 400
2521 4 0 4 4 279 421 398 101
2522 4 0 4 4 279 398 421 385
2523 4 0 4 4 227 398 421 101
2524 4 0 4 4 227 421 398 385
2525 4 0 4 4 193 147 194 32
2526 4 0 4 4 193 194 147 386
2527 4 0 4 4 372 224 371 221
2528 4 0 4 4 372 371 224 407
2529 7 0 4 5 256 84 10 79 439
2530 7 0 4 5 257 85 84 256 440
2531 7 0 4 5 258 86 85 257 441
2532 7 0 4 5 83 12 86 258 442
2533 7 0 4 5 80 256 79 9 443
2534 7 0 4 5 81 257 256 80 444
2535 7 0 4 5 82 258 257 81 445
2536 7 0 4 5 11 83 258 82 446
2537 7 0 4 5 259 79 10 87 447
2538 7 0 4 5 89 9 79 259 448
2539 7 0 4 5 88 259 87 13 449
2540 7 0 4 5 14 89 259 88 450
2541 7 0 4 5 260 80 9 89 451
2542 7 0 4 5 91 260 89 14 452
2543 7 0 4 5 261 81 80 260 453
2544 7 0 4 5 92 261 260 91 454
2545 7 0 4 5 262 82 81 261 455
2546 7 0 4 5 93 262 261 92 456
2547 7 0 4 5 90 11 82 262 457
2548 7 0 4 5 15 90 262 93 458
2549 7 0 4 5 263 94 12 83 459
2550 7 0 4 5 90 263 83 11 460
2551 7 0 4 5 95 16 94 263 461
2552 7 0 4 5 15 95 263 90 462
2553 7 0 4 5 264 87 10 84 463
2554 7 0 4 5 96 13 87 264 464
2555 7 0 4 5 265 264 84 85 465
2556 7 0 4 5 97 96 264 265 466
2557 7 0 4 5 266 265 85 86 467
2558 7 0 4 5 98 97 265 266 468
2559 7 0 4 5 94 266 86 12 469
2560 7 0 4 5 16 98 266 94 470
2561 7 0 4 5 267 88 13 96 471
2562 7 0 4 5 268 267 96 97 472
2563 7 0 4 5 269 268 97 98 473
2564 7 0 4 5 95 269 98 16 474
2565 7 0 4 5 91 14 88 267 475
2566 7 0 4 5 92 91 267 268 476
2567 7 0 4 5 93 92 268 269 477
2568 7 0 4 5 15 93 269 95 478
$ENDELM
